row_id,winners
0,b3|b4
1,b0|b1
2,b1|b2|b3|b4
3,b1|b2
4,b0|b1|b2|b3|b4
5,b0|b1|b3
6,b1|b2|b4
7,b1|b2|b4
8,b2|b3|b4
9,b0|b1|b2|b3|b4
10,b2|b3|b4
11,b1|b2|b3|b4
12,b2|b3
13,b1|b2|b3|b4
14,b2|b3|b4
15,b2|b3|b4
16,b3|b4
17,b0|b1|b2|b3|b4
18,b0|b1|b2|b3|b4
19,b0
20,b0|b1|b2|b3|b4
21,b0|b1|b2|b3|b4
22,b0|b1|b2
23,b2|b3
24,b2|b3|b4
25,b0|b1|b2|b3|b4
26,b1|b2|b4
27,b2|b3|b4
28,b2|b3|b4
29,b2|b4
30,b0|b3
31,b1
32,b0|b1|b2|b3|b4
33,b1|b3|b4
34,b4
35,b0|b1
36,b3
37,b0|b1|b2|b3|b4
38,b1|b4
39,b0|b1|b2|b3|b4
40,b0|b1|b2|b3|b4
41,b0|b1|b2|b3|b4
42,b4
43,b1|b2|b3
44,b0|b1|b2|b3|b4
45,b0|b2|b3
46,b0
47,b1|b2|b3|b4
48,b1|b2|b3
49,b1
50,b0|b1|b2
51,b0|b1|b2|b3|b4
52,b2|b3|b4
53,b1|b2|b3|b4
54,b1|b3|b4
55,b3
56,b1|b2|b3|b4
57,b4
58,b1|b2|b4
59,b4
60,b1|b2|b3|b4
61,b4
62,b1|b3|b4
63,b0|b2|b3|b4
64,b1|b3|b4
65,b1|b2|b3|b4
66,b1|b3|b4
67,b1|b2|b3|b4
68,b0|b1|b2|b3
69,b0|b1|b2|b3|b4
70,b1|b2|b3|b4
71,b2|b3|b4
72,b0|b1|b2|b3|b4
73,b1|b2|b3|b4
74,b3
75,b0|b1|b2|b3
76,b3
77,b1|b2|b3|b4
78,b4
79,b2|b3|b4
80,b0|b1|b2|b3|b4
81,b2|b3|b4
82,b0|b1|b2|b3|b4
83,b0|b1|b2|b3|b4
84,b0|b1|b2|b3|b4
85,b4
86,b0
87,b1
88,b4
89,b1|b2|b3|b4
90,b4
91,b0|b1|b2|b3|b4
92,b0|b1|b2|b3|b4
93,b4
94,b0|b1|b2|b3|b4
95,b2
96,b0|b1|b2|b3|b4
97,b0|b1|b2|b3|b4
98,b3|b4
99,b0|b1|b2|b3|b4
100,b1
101,b1|b2|b3|b4
102,b1|b2|b3|b4
103,b2
104,b1|b2|b3|b4
105,b0|b1|b2|b3|b4
106,b1|b2|b3|b4
107,b0|b1|b2|b3|b4
108,b2|b3
109,b1|b2|b3|b4
110,b0|b1|b2|b3|b4
111,b1|b2|b3|b4
112,b1|b2|b4
113,b2|b3
114,b3
115,b3
116,b1|b2|b3|b4
117,b2|b3|b4
118,b4
119,b1|b2|b3|b4
120,b0|b1|b2|b3|b4
121,b4
122,b2|b3|b4
123,b0|b1|b2|b3|b4
124,b3
125,b2|b3
126,b2|b3|b4
127,b0|b1|b2|b3
128,b1|b2|b3|b4
129,b2|b3|b4
130,b1|b4
131,b1|b2
132,b1|b2|b3|b4
133,b2|b4
134,b1|b2|b3|b4
135,b0
136,b3
137,b1|b2|b3|b4
138,b1|b2|b3|b4
139,b0|b1|b2|b3|b4
140,b3|b4
141,b0|b1|b2|b3|b4
142,b1|b3|b4
143,b4
144,b3
145,b1|b2|b3|b4
146,b0|b1|b2|b3|b4
147,b4
148,b1|b2|b3|b4
149,b2
150,b1|b4
151,b1|b2
152,b0
153,b0|b1|b2|b3|b4
154,b1|b2|b3
155,b3|b4
156,b2|b4
157,b1|b3
158,b1|b2|b3
159,b0|b1|b2|b3|b4
160,b3
161,b0|b1|b2|b3|b4
162,b2|b3|b4
163,b4
164,b0|b1|b2|b3|b4
165,b1|b3|b4
166,b2|b3|b4
167,b2
168,b0|b1|b2|b3|b4
169,b0|b1
170,b1|b2|b3|b4
171,b2|b3
172,b0|b1|b2|b3|b4
173,b3
174,b4
175,b1|b2|b3|b4
176,b0|b1|b2|b3|b4
177,b0
178,b3
179,b2|b4
180,b0|b1|b2|b3|b4
181,b1|b3
182,b1|b2|b3|b4
183,b0|b1|b2|b3|b4
184,b2|b3|b4
185,b2|b4
186,b1|b2|b3
187,b2|b3|b4
188,b2|b3
189,b0|b1|b2|b3|b4
190,b1|b2|b3|b4
191,b2
192,b2|b3|b4
193,b1|b2
194,b0|b1|b2|b3|b4
195,b0|b1|b2
196,b1|b2|b3|b4
197,b3|b4
198,b3
199,b1|b2|b3|b4
200,b0|b1|b2|b3
201,b0|b1|b2|b3|b4
202,b1
203,b1|b2|b3|b4
204,b2|b4
205,b0|b1|b2|b3|b4
206,b0
207,b2
208,b3
209,b0|b1|b2
210,b2|b3
211,b4
212,b2|b3
213,b0|b1|b2|b3|b4
214,b0|b1|b2|b3|b4
215,b0|b1|b2|b3|b4
216,b2|b3|b4
217,b0|b1|b2
218,b0
219,b0|b1|b2|b3|b4
220,b2
221,b0
222,b3
223,b2|b3
224,b1|b3|b4
225,b0|b1|b2|b3|b4
226,b1|b2|b3|b4
227,b1
228,b1|b2|b3|b4
229,b1|b3|b4
230,b0|b1|b2|b3|b4
231,b0|b1|b2|b3|b4
232,b3
233,b1|b2|b3|b4
234,b4
235,b2|b3|b4
236,b3|b4
237,b0|b1|b2
238,b2|b3|b4
239,b3|b4
240,b1|b2|b4
241,b0|b1|b2|b3|b4
242,b0
243,b0|b1
244,b1|b2
245,b0
246,b1|b2|b3|b4
247,b1|b2|b3|b4
248,b0|b1|b2|b3|b4
249,b1|b2|b3|b4
250,b0|b1|b2|b3|b4
251,b1|b2|b3|b4
252,b1|b2|b3|b4
253,b3
254,b1|b2|b3|b4
255,b1|b3|b4
256,b2|b4
257,b4
258,b0|b2|b4
259,b2
260,b1|b2|b3|b4
261,b1|b2|b3|b4
262,b3|b4
263,b3
264,b0|b1|b3|b4
265,b0|b1|b2|b3
266,b0|b1|b2|b3|b4
267,b2|b3|b4
268,b1|b2|b3
269,b1|b2|b3|b4
270,b1|b2|b3|b4
271,b3|b4
272,b0|b1|b2|b3|b4
273,b0|b1|b3|b4
274,b1|b4
275,b3
276,b1|b2|b3|b4
277,b0
278,b0|b1|b2|b3|b4
279,b4
280,b3|b4
281,b0|b1|b2|b3|b4
282,b1|b2|b4
283,b1|b2|b3|b4
284,b3
285,b2|b3|b4
286,b1|b2|b3|b4
287,b2|b3|b4
288,b0|b1|b3
289,b0
290,b0|b1|b2|b3|b4
291,b4
292,b0|b1|b2|b3|b4
293,b4
294,b0|b1|b2|b3|b4
295,b0|b1
296,b3
297,b0|b1|b2|b3|b4
298,b2|b3|b4
299,b1|b3
300,b1|b2
301,b1|b2|b3|b4
302,b1
303,b3|b4
304,b3|b4
305,b4
306,b0|b1|b2|b3|b4
307,b2|b3|b4
308,b4
309,b1|b3
310,b1|b2|b3|b4
311,b4
312,b1|b2|b3
313,b2|b3|b4
314,b1|b2|b3|b4
315,b2|b3|b4
316,b1|b2|b3|b4
317,b1|b3|b4
318,b1|b2|b3|b4
319,b1|b2|b3|b4
320,b0
321,b2
322,b1|b3|b4
323,b3|b4
324,b3|b4
325,b2|b3|b4
326,b0|b1|b2|b3|b4
327,b2|b3|b4
328,b3|b4
329,b1|b2|b3|b4
330,b1|b2|b3|b4
331,b0|b1|b2|b3|b4
332,b4
333,b0|b1|b2|b3|b4
334,b2|b4
335,b1|b3|b4
336,b1|b2|b3|b4
337,b2
338,b2|b3|b4
339,b4
340,b0|b1|b2|b3|b4
341,b4
342,b0|b1
343,b2|b3|b4
344,b0|b4
345,b2
346,b1|b3|b4
347,b1|b2|b4
348,b1
349,b4
350,b1|b2|b3|b4
351,b0
352,b1|b2|b3|b4
353,b0|b1|b2
354,b1|b3
355,b1|b2|b3|b4
356,b1
357,b2|b3|b4
358,b2|b3|b4
359,b3
360,b2|b3|b4
361,b3
362,b1|b2|b3|b4
363,b3|b4
364,b0
365,b0|b1|b2|b3|b4
366,b0|b1|b2|b3|b4
367,b1|b2|b3|b4
368,b0|b1|b2|b3
369,b2|b3
370,b1|b2
371,b2|b3|b4
372,b1|b2|b3
373,b4
374,b2|b4
375,b0|b1|b2|b3|b4
376,b0|b1|b2|b3|b4
377,b0|b1|b2|b3|b4
378,b3
379,b1
380,b0|b2|b3|b4
381,b1|b2|b3|b4
382,b2|b4
383,b0|b1|b4
384,b3|b4
385,b1
386,b1|b3|b4
387,b1|b2
388,b1|b2|b4
389,b1|b2|b3|b4
390,b0|b1|b2|b3|b4
391,b2|b4
392,b0|b1|b2|b3|b4
393,b2
394,b3|b4
395,b0|b1|b2|b3|b4
396,b0
397,b0|b1|b2|b3|b4
398,b0|b1|b2|b3|b4
399,b2|b3|b4
400,b1
401,b2|b3|b4
402,b1|b4
403,b1|b2|b3
404,b0|b1|b2|b3|b4
405,b0|b2
406,b3
407,b1|b2|b3|b4
408,b0
409,b3|b4
410,b1|b2|b3|b4
411,b2
412,b1|b2|b3|b4
413,b0|b1|b2|b3|b4
414,b0|b1|b2|b3|b4
415,b0|b1|b2
416,b2
417,b2|b3|b4
418,b1|b2|b3|b4
419,b1|b2|b3|b4
420,b0|b1|b2|b3|b4
421,b0|b1|b2|b3|b4
422,b0|b1|b2|b3|b4
423,b0|b1|b2|b3|b4
424,b1|b2
425,b1|b2|b3|b4
426,b0|b1|b2|b3|b4
427,b2|b3|b4
428,b4
429,b3
430,b4
431,b4
432,b3|b4
433,b0|b1|b3
434,b0|b1|b4
435,b1|b2|b3|b4
436,b0|b1|b2|b3|b4
437,b2|b3|b4
438,b0|b1|b3
439,b0|b1|b2|b3|b4
440,b2|b3|b4
441,b0
442,b4
443,b4
444,b1|b2|b3|b4
445,b1|b2|b3|b4
446,b2|b3|b4
447,b1|b2|b3|b4
448,b1|b3
449,b1|b2|b3|b4
450,b3
451,b1|b2|b3|b4
452,b0|b1
453,b1|b2|b4
454,b1|b2|b3|b4
455,b0|b2|b3|b4
456,b0|b3|b4
457,b0
458,b0|b1|b2|b4
459,b0
460,b0|b1|b2|b3|b4
461,b3
462,b2
463,b1|b3|b4
464,b4
465,b3|b4
466,b1|b2|b3
467,b0
468,b2|b3|b4
469,b4
470,b0|b1|b2|b3
471,b1|b2
472,b4
473,b3|b4
474,b0|b1|b2|b3|b4
475,b4
476,b2|b4
477,b3
478,b1|b2|b4
479,b0|b1|b2|b3|b4
480,b1|b2|b4
481,b0|b1|b2|b3|b4
482,b1|b2|b3|b4
483,b0|b1|b2|b3|b4
484,b4
485,b3
486,b2|b3
487,b0|b1|b2|b3|b4
488,b3
489,b0|b1
490,b1|b4
491,b0|b1|b4
492,b3
493,b2|b3
494,b0|b2|b3|b4
495,b1|b2|b4
496,b0|b1|b2|b3|b4
497,b2|b3|b4
498,b3|b4
499,b1|b2|b3|b4
500,b0|b1|b3|b4
501,b0|b2|b3|b4
502,b0|b1|b2|b3|b4
503,b2|b4
504,b4
505,b4
506,b2|b3
507,b3|b4
508,b0|b1|b2|b3|b4
509,b0|b1|b2|b4
510,b0|b1|b2
511,b1|b2|b4
512,b1|b3|b4
513,b1|b2
514,b4
515,b4
516,b2|b3|b4
517,b1|b2
518,b0|b1|b2|b3|b4
519,b0|b1|b3|b4
520,b0|b1|b2|b3|b4
521,b0|b1|b2|b3|b4
522,b0|b1|b2|b3|b4
523,b0|b1
524,b1|b2|b3|b4
525,b0|b1|b2
526,b0|b1|b2|b3|b4
527,b1|b2|b3|b4
528,b1|b2|b3|b4
529,b2
530,b2|b3
531,b0|b2|b4
532,b1|b3
533,b2|b4
534,b1|b2|b3|b4
535,b4
536,b0|b1|b2|b3|b4
537,b0|b1|b2|b3|b4
538,b1|b4
539,b1|b3
540,b0|b1|b2|b3|b4
541,b4
542,b0|b2
543,b2|b4
544,b2|b3|b4
545,b2
546,b0|b1|b2|b3|b4
547,b1|b2|b3|b4
548,b0|b1|b2|b3|b4
549,b0|b4
550,b4
551,b0|b1|b2|b3|b4
552,b0|b1|b2|b3|b4
553,b0|b1|b2|b3|b4
554,b1|b4
555,b0|b1|b2|b3
556,b1|b2|b3|b4
557,b4
558,b0|b1|b2|b3|b4
559,b1|b2|b3|b4
560,b3
561,b3|b4
562,b0
563,b2|b3|b4
564,b1|b3|b4
565,b3|b4
566,b0|b1|b2|b3|b4
567,b1|b2|b3|b4
568,b0|b1|b2|b3|b4
569,b0|b1|b2|b3|b4
570,b3|b4
571,b1|b2|b3|b4
572,b0|b1|b2|b3|b4
573,b1|b2|b4
574,b0|b1|b2
575,b0|b1|b2|b3|b4
576,b1|b2|b3
577,b1|b2|b3|b4
578,b4
579,b0|b1|b2
580,b0|b1|b2|b3|b4
581,b1|b2|b3|b4
582,b1|b2|b3|b4
583,b3
584,b1|b2
585,b1|b2
586,b2|b4
587,b1|b3
588,b0|b1|b2|b3|b4
589,b0|b1|b2|b3|b4
590,b1|b2|b3|b4
591,b2|b3|b4
592,b1|b4
593,b1|b2|b3|b4
594,b1|b2
595,b0|b1|b2|b3|b4
596,b0|b3|b4
597,b2
598,b3
599,b0|b1|b2|b3|b4
600,b3
601,b0|b1|b2|b3
602,b1|b2|b3|b4
603,b0
604,b0|b1|b2
605,b0|b1|b2|b3|b4
606,b4
607,b0|b1|b2|b3|b4
608,b0|b2
609,b0|b1|b2|b3
610,b0|b1|b2|b3|b4
611,b0|b3
612,b2|b3
613,b1|b2|b3|b4
614,b3|b4
615,b0|b1|b2
616,b3|b4
617,b3
618,b1|b3|b4
619,b1|b2|b3|b4
620,b0|b1|b2|b3|b4
621,b1|b2|b3|b4
622,b3|b4
623,b0|b1|b2
624,b4
625,b1|b2|b3|b4
626,b0|b1|b2|b3|b4
627,b0|b1|b2|b3|b4
628,b0|b1|b2|b3|b4
629,b4
630,b0|b1|b2|b3|b4
631,b0|b1|b2|b3|b4
632,b0|b1|b2|b4
633,b1|b3|b4
634,b2|b3|b4
635,b1|b2
636,b2|b3|b4
637,b0|b1|b2|b3|b4
638,b4
639,b0|b1|b2|b4
640,b1|b2|b3|b4
641,b0
642,b0|b1|b2|b3|b4
643,b1|b4
644,b1|b2|b3|b4
645,b1
646,b0|b2|b4
647,b3
648,b1|b2|b3|b4
649,b0|b1|b2|b3|b4
650,b1|b2|b4
651,b2|b3|b4
652,b1|b2|b3|b4
653,b0|b1|b2|b3
654,b2|b3|b4
655,b0|b1|b2|b3|b4
656,b4
657,b4
658,b3|b4
659,b1|b2|b3|b4
660,b2
661,b3
662,b2|b3|b4
663,b1|b2|b3|b4
664,b0|b1|b2|b3|b4
665,b0|b1|b2
666,b2|b4
667,b2|b3|b4
668,b1|b2|b3|b4
669,b1|b2|b3|b4
670,b1|b2|b3|b4
671,b1|b2|b3|b4
672,b3|b4
673,b0|b1|b2|b3|b4
674,b0|b1|b2|b3|b4
675,b2|b3|b4
676,b2|b3|b4
677,b1|b2|b3|b4
678,b0|b1|b2|b3|b4
679,b2
680,b1|b2|b3|b4
681,b4
682,b1|b2|b3|b4
683,b1|b2|b4
684,b0|b1|b2|b3|b4
685,b2|b3|b4
686,b0|b1|b2|b4
687,b0|b1|b2
688,b0|b1|b2|b3|b4
689,b1|b2
690,b0|b1|b2
691,b0|b4
692,b4
693,b4
694,b2|b3|b4
695,b2|b3
696,b0
697,b1|b3
698,b3|b4
699,b2|b3|b4
700,b0|b1|b2|b3|b4
701,b1|b2|b3|b4
702,b0|b1|b2|b3|b4
703,b0|b1|b2|b3|b4
704,b0|b1|b2|b3
705,b0|b1|b2|b4
706,b0|b1|b2
707,b0|b1|b2|b3|b4
708,b4
709,b0|b1|b2|b3|b4
710,b1|b2|b3|b4
711,b2|b3
712,b0|b1|b2|b3|b4
713,b0|b1|b2|b3|b4
714,b4
715,b3
716,b1|b4
717,b1|b2|b3|b4
718,b2
719,b1|b2|b3|b4
720,b0|b1|b2|b3|b4
721,b3|b4
722,b2
723,b0|b1|b2|b3|b4
724,b2|b3|b4
725,b3
726,b2
727,b0|b1|b2|b3|b4
728,b0
729,b1|b3
730,b0|b1|b2|b3|b4
731,b0|b4
732,b3|b4
733,b1|b2|b3|b4
734,b0|b1|b2|b3|b4
735,b0|b1|b2|b3|b4
736,b2|b3
737,b0|b1|b2|b3|b4
738,b1
739,b4
740,b1|b2|b4
741,b0|b1|b2|b3|b4
742,b0|b1|b2|b3|b4
743,b4
744,b4
745,b2|b3|b4
746,b1|b2|b3|b4
747,b0
748,b1|b2|b3|b4
749,b0|b1|b2|b3|b4
750,b0
751,b3|b4
752,b1|b2|b4
753,b1|b2|b3
754,b0|b1|b2|b3|b4
755,b0|b1|b2|b3|b4
756,b0|b1|b3|b4
757,b0|b1
758,b1|b2|b3|b4
759,b0|b1|b2|b3|b4
760,b4
761,b3|b4
762,b0|b1|b2|b3|b4
763,b3|b4
764,b2|b3|b4
765,b4
766,b4
767,b2|b4
768,b3
769,b4
770,b0|b1|b2|b3|b4
771,b0|b1|b2|b3|b4
772,b0|b1|b2|b3|b4
773,b2
774,b1|b2|b3|b4
775,b4
776,b2|b3|b4
777,b1|b2|b4
778,b1|b3|b4
779,b2|b3|b4
780,b0|b1|b2|b3|b4
781,b1|b2|b3|b4
782,b2|b4
783,b2
784,b3|b4
785,b1|b2|b3
786,b0|b1|b3|b4
787,b2|b3
788,b1|b2|b3|b4
789,b4
790,b0|b1|b2|b3|b4
791,b0|b1
792,b3|b4
793,b1|b2|b3|b4
794,b1|b3|b4
795,b0|b1|b4
796,b4
797,b3
798,b1|b2|b3|b4
799,b1|b3
800,b0|b1|b2|b3
801,b4
802,b4
803,b0|b1|b2|b3|b4
804,b4
805,b1|b2|b3|b4
806,b2
807,b2|b4
808,b3|b4
809,b0|b1|b4
810,b0|b1|b2|b3|b4
811,b2|b3|b4
812,b1|b2
813,b2|b4
814,b1|b2|b3|b4
815,b1|b2|b3|b4
816,b2
817,b1|b3|b4
818,b2|b3
819,b1|b2|b3|b4
820,b0|b1|b3
821,b4
822,b0|b1|b2|b3|b4
823,b3
824,b1|b2|b3|b4
825,b0|b1|b2
826,b1|b2|b3
827,b3
828,b1
829,b1
830,b3|b4
831,b3
832,b0|b1|b2|b3|b4
833,b1|b2|b3|b4
834,b0|b1|b2|b3|b4
835,b0|b1|b2|b3|b4
836,b0|b2|b3
837,b1|b2|b3|b4
838,b0|b3|b4
839,b0|b1|b2|b3|b4
840,b4
841,b1|b2|b3|b4
842,b1|b2|b3
843,b0|b1|b2|b3|b4
844,b3
845,b0|b1|b2|b3|b4
846,b0|b1|b2|b3|b4
847,b2
848,b1
849,b2|b3|b4
850,b2|b3|b4
851,b0|b1|b2|b3|b4
852,b3
853,b1|b3|b4
854,b2
855,b1|b3|b4
856,b2
857,b0
858,b1|b2|b4
859,b2|b3
860,b3|b4
861,b2|b3
862,b0|b1|b2|b3|b4
863,b0
864,b0|b1|b2|b3|b4
865,b0|b1
866,b1|b2|b4
867,b1|b2|b3|b4
868,b1
869,b3|b4
870,b0|b1|b2
871,b3|b4
872,b0|b1|b2|b3|b4
873,b1|b2|b4
874,b0|b1|b3
875,b0|b1|b2|b3|b4
876,b0|b1|b2|b3|b4
877,b1|b2|b3|b4
878,b0|b1|b2|b3|b4
879,b0|b1|b2|b3|b4
880,b0|b1|b2|b3|b4
881,b4
882,b1|b3
883,b0
884,b2|b3
885,b0|b1|b2|b3|b4
886,b1|b2
887,b3|b4
888,b0|b1|b2|b3|b4
889,b2
890,b2|b3|b4
891,b0|b1|b2|b3|b4
892,b2|b3|b4
893,b2|b3|b4
894,b0|b1|b2|b3|b4
895,b1|b2|b3|b4
896,b0|b1|b2|b3|b4
897,b1|b2|b3|b4
898,b0|b1|b2|b3|b4
899,b2|b3|b4
900,b0|b1|b2|b3|b4
901,b3
902,b0|b1|b2|b3|b4
903,b0|b1|b2|b4
904,b4
905,b2|b3|b4
906,b1|b3|b4
907,b4
908,b2
909,b1|b2|b3
910,b1|b2|b3|b4
911,b0|b2
912,b1|b2|b3
913,b0
914,b1|b2|b3|b4
915,b1
916,b0|b1|b2|b3|b4
917,b1|b2|b3|b4
918,b3|b4
919,b0|b1|b2|b3|b4
920,b0|b2|b4
921,b2|b3|b4
922,b4
923,b1|b2|b3|b4
924,b1|b2|b3|b4
925,b4
926,b0|b1|b2|b3|b4
927,b1|b3
928,b0|b1|b2|b3|b4
929,b0|b1|b2
930,b0|b1|b2|b3|b4
931,b3
932,b2|b4
933,b2|b3|b4
934,b1|b2|b3|b4
935,b1|b3
936,b3
937,b4
938,b0|b2|b3|b4
939,b3|b4
940,b0|b1|b2
941,b1|b3
942,b0|b1|b2
943,b0|b1|b2|b3
944,b0|b1|b2|b3|b4
945,b1|b2|b4
946,b3|b4
947,b1
948,b1|b2|b3
949,b1|b2|b3
950,b0|b1|b2|b3|b4
951,b0|b2|b3|b4
952,b0|b1|b2|b3|b4
953,b4
954,b2|b3|b4
955,b1|b3|b4
956,b2|b3|b4
957,b4
958,b0|b1
959,b4
960,b4
961,b4
962,b0|b1|b2|b3|b4
963,b0
964,b0|b1
965,b0|b1|b2|b4
966,b1|b2|b3|b4
967,b1|b2|b3|b4
968,b0|b1|b2|b3|b4
969,b2|b3|b4
970,b2|b3|b4
971,b0|b1
972,b2|b3|b4
973,b4
974,b0|b2
975,b0|b3|b4
976,b2|b3
977,b0|b2
978,b1|b2|b4
979,b0|b1|b2|b3|b4
980,b0|b2
981,b3
982,b4
983,b1|b2|b3|b4
984,b2|b3
985,b4
986,b0|b1|b2|b3|b4
987,b0
988,b1|b2|b3|b4
989,b1|b2|b3
990,b3|b4
991,b3
992,b0|b1|b2|b3|b4
993,b0|b1|b2|b3|b4
994,b1|b3
995,b0|b1|b2|b3
996,b2
997,b1|b2|b3|b4
998,b4
999,b2
1000,b0|b1
1001,b0|b1|b2|b3|b4
1002,b2|b3|b4
1003,b1|b2|b3|b4
1004,b3
1005,b1|b3|b4
1006,b1|b2|b3
1007,b0|b1|b2|b3|b4
1008,b1|b3|b4
1009,b3|b4
1010,b2|b4
1011,b0|b1|b2|b3|b4
1012,b0
1013,b0|b1|b2|b3|b4
1014,b3|b4
1015,b1|b3
1016,b0|b1|b2|b3|b4
1017,b0|b3|b4
1018,b4
1019,b1|b2|b3
1020,b1|b2|b3|b4
1021,b2|b3|b4
1022,b0|b1
1023,b0|b1|b2|b3|b4
1024,b1|b3|b4
1025,b1
1026,b1|b2|b3|b4
1027,b3|b4
1028,b0|b1|b2|b3|b4
1029,b1|b4
1030,b0|b1|b2|b3|b4
1031,b2|b3|b4
1032,b0|b1|b2|b3|b4
1033,b1
1034,b4
1035,b0|b1|b2|b3
1036,b0|b1|b2|b3
1037,b1|b3|b4
1038,b2
1039,b0|b1|b2|b3|b4
1040,b0|b1|b2|b3|b4
1041,b1|b2|b3|b4
1042,b2|b3
1043,b2|b3|b4
1044,b4
1045,b2|b3|b4
1046,b3
1047,b2|b3|b4
1048,b0|b1|b2|b3
1049,b1|b3|b4
1050,b0|b1|b2|b3|b4
1051,b2|b3
1052,b4
1053,b4
1054,b3
1055,b4
1056,b0|b1|b2|b3|b4
1057,b2|b3|b4
1058,b4
1059,b0|b1|b2|b3|b4
1060,b0|b1|b2|b3
1061,b3|b4
1062,b2|b3|b4
1063,b4
1064,b4
1065,b0|b1|b2|b3|b4
1066,b3
1067,b3
1068,b1|b2|b3|b4
1069,b1
1070,b3
1071,b4
1072,b4
1073,b2
1074,b2
1075,b0|b1|b2|b3|b4
1076,b0|b1|b2|b3|b4
1077,b2|b3|b4
1078,b3|b4
1079,b2|b3|b4
1080,b2|b3|b4
1081,b0|b1|b2|b3|b4
1082,b0|b1|b3
1083,b1|b2|b3|b4
1084,b1|b4
1085,b1|b3
1086,b1|b2|b3|b4
1087,b2|b3|b4
1088,b4
1089,b0|b1|b2|b3|b4
1090,b0
1091,b0|b1|b3
1092,b2|b4
1093,b1|b2|b3|b4
1094,b0|b4
1095,b1|b2|b3
1096,b0|b1|b2|b3|b4
1097,b0
1098,b0|b1|b2|b4
1099,b1|b3|b4
1100,b4
1101,b1|b2|b4
1102,b4
1103,b1|b2|b3|b4
1104,b2|b3
1105,b2|b4
1106,b0|b1|b2|b3|b4
1107,b0|b1|b2|b3|b4
1108,b3|b4
1109,b1|b2|b3|b4
1110,b1|b2|b3|b4
1111,b1|b4
1112,b1|b2|b4
1113,b0|b1|b2|b4
1114,b0|b1|b2|b3|b4
1115,b0|b1|b2|b3
1116,b0|b1|b2|b4
1117,b3
1118,b0
1119,b4
1120,b1|b2|b3|b4
1121,b1|b2|b3|b4
1122,b1|b2|b3|b4
1123,b1|b2|b4
1124,b2|b3
1125,b2|b3|b4
1126,b0|b1|b2|b3|b4
1127,b0|b1|b2|b3|b4
1128,b0|b3|b4
1129,b2|b3|b4
1130,b1|b3|b4
1131,b0|b2
1132,b1|b3
1133,b2|b4
1134,b0|b4
1135,b4
1136,b0|b1|b2|b3|b4
1137,b2|b3|b4
1138,b1|b2|b3|b4
1139,b0|b1|b2|b3|b4
1140,b0|b1|b2|b3|b4
1141,b1|b2|b3|b4
1142,b4
1143,b0|b1
1144,b0|b3|b4
1145,b2|b3|b4
1146,b0|b1|b2|b3|b4
1147,b0|b1
1148,b3|b4
1149,b4
1150,b0|b1|b2|b3|b4
1151,b1|b2|b3|b4
1152,b3
1153,b0|b1|b2|b3|b4
1154,b0|b1|b2|b3|b4
1155,b1|b2
1156,b1|b2|b3|b4
1157,b2
1158,b0|b1
1159,b1|b2|b3|b4
1160,b0|b1|b2|b3|b4
1161,b1|b4
1162,b0|b1|b3
1163,b0|b1|b2|b3|b4
1164,b1|b2|b3
1165,b0|b1|b2|b3|b4
1166,b0|b1|b2|b3|b4
1167,b0|b1|b2|b3|b4
1168,b3
1169,b1|b2|b3|b4
1170,b2|b3|b4
1171,b2|b3
1172,b0|b1|b2|b3|b4
1173,b0|b1|b2|b3|b4
1174,b2
1175,b2|b4
1176,b1|b2|b4
1177,b3|b4
1178,b1|b2
1179,b1|b3|b4
1180,b1|b2|b3|b4
1181,b2|b4
1182,b0|b1
1183,b4
1184,b0|b1|b2|b3|b4
1185,b1|b2|b3|b4
1186,b4
1187,b1|b2|b3|b4
1188,b0|b1|b2|b3|b4
1189,b1|b2|b3|b4
1190,b1
1191,b1|b2|b3|b4
1192,b1|b2|b3
1193,b2|b3|b4
1194,b3|b4
1195,b2|b3|b4
1196,b1|b2|b3|b4
1197,b4
1198,b0|b1|b2|b3|b4
1199,b1|b2|b3|b4
1200,b2
1201,b2|b3|b4
1202,b1|b2|b3|b4
1203,b3
1204,b1|b3
1205,b4
1206,b2|b3
1207,b0|b1|b2|b3|b4
1208,b0|b1|b2|b3|b4
1209,b1|b3|b4
1210,b3
1211,b2|b3|b4
1212,b4
1213,b1|b3
1214,b2|b3|b4
1215,b0
1216,b1|b2|b4
1217,b2|b3|b4
1218,b1
1219,b0|b1|b2|b3|b4
1220,b2|b3
1221,b0|b1|b3
1222,b0|b1|b4
1223,b1|b2|b3
1224,b2|b3
1225,b0|b3
1226,b4
1227,b2
1228,b0|b1
1229,b0|b1|b2|b3|b4
1230,b1|b2|b4
1231,b0|b1|b2|b3|b4
1232,b2|b3|b4
1233,b0|b1|b2|b3|b4
1234,b1|b2
1235,b1|b2|b4
1236,b1|b3
1237,b0|b1|b2|b3|b4
1238,b0|b1|b2|b3|b4
1239,b4
1240,b1|b2|b3|b4
1241,b0|b1|b2
1242,b3|b4
1243,b0|b1
1244,b2|b3|b4
1245,b0|b1|b3
1246,b1|b2|b3
1247,b2|b3|b4
1248,b4
1249,b0
1250,b4
1251,b0|b1|b4
1252,b0|b2|b3|b4
1253,b0|b1|b2|b3
1254,b1|b2|b3|b4
1255,b1|b2|b3|b4
1256,b1|b2|b3|b4
1257,b1|b2|b3
1258,b1|b2|b3|b4
1259,b1|b2|b3|b4
1260,b0|b1|b2|b3|b4
1261,b1|b2
1262,b3|b4
1263,b1|b3|b4
1264,b1
1265,b0|b1|b2|b3|b4
1266,b1|b3
1267,b0|b1|b2|b3|b4
1268,b2|b3|b4
1269,b0|b1|b2|b3|b4
1270,b0|b1|b2|b3|b4
1271,b0|b1|b2|b3|b4
1272,b0|b1|b2|b4
1273,b1|b2|b3|b4
1274,b3
1275,b2|b3|b4
1276,b3|b4
1277,b4
1278,b4
1279,b1
1280,b1|b2|b3|b4
1281,b1|b2
1282,b1|b2|b3|b4
1283,b1|b3
1284,b1|b2|b3|b4
1285,b4
1286,b0|b1|b2|b3|b4
1287,b3|b4
1288,b4
1289,b1|b3|b4
1290,b4
1291,b1|b3|b4
1292,b0|b1|b2|b3|b4
1293,b0|b1|b2|b3|b4
1294,b0|b1|b2|b3
1295,b3|b4
1296,b3|b4
1297,b0|b1|b2|b3
1298,b2|b3|b4
1299,b1|b3|b4
1300,b1|b2|b3|b4
1301,b1|b2|b3
1302,b3
1303,b1|b2|b3|b4
1304,b4
1305,b0|b1|b2|b3|b4
1306,b2
1307,b0|b1|b2|b3|b4
1308,b0|b1|b2|b3|b4
1309,b0|b1|b2|b4
1310,b0|b1|b2|b3|b4
1311,b1|b2|b3
1312,b0|b1
1313,b0|b1
1314,b1|b2|b3|b4
1315,b4
1316,b1|b2|b3|b4
1317,b3
1318,b4
1319,b1|b2|b3|b4
1320,b0|b1|b2|b3|b4
1321,b1|b2|b3|b4
1322,b1|b2|b3|b4
1323,b0|b1|b2|b3|b4
1324,b0|b1|b2|b3|b4
1325,b2|b3|b4
1326,b1|b2|b3|b4
1327,b3|b4
1328,b1|b2|b3|b4
1329,b2|b3|b4
1330,b0|b1
1331,b0|b1|b2|b3|b4
1332,b1|b2|b3|b4
1333,b0|b1
1334,b2|b4
1335,b0|b1|b2|b3|b4
1336,b0|b1|b2|b3|b4
1337,b0|b1|b3|b4
1338,b0|b1|b2|b3|b4
1339,b4
1340,b1|b2|b3|b4
1341,b3|b4
1342,b1|b3|b4
1343,b3|b4
1344,b4
1345,b1|b2|b3|b4
1346,b0|b1|b2|b3|b4
1347,b2
1348,b2|b3|b4
1349,b1|b2|b3|b4
1350,b4
1351,b3|b4
1352,b2|b3|b4
1353,b0|b3|b4
1354,b3
1355,b3|b4
1356,b3|b4
1357,b0|b1|b2|b3|b4
1358,b1|b2|b3|b4
1359,b0|b1|b2|b3|b4
1360,b0|b1|b2
1361,b2|b3|b4
1362,b2|b4
1363,b0|b1|b2|b3|b4
1364,b4
1365,b0|b1|b2|b3
1366,b0|b3
1367,b3
1368,b1|b2|b3|b4
1369,b2|b3|b4
1370,b1
1371,b0|b1|b2|b3|b4
1372,b2
1373,b1|b2|b3|b4
1374,b0|b1|b2
1375,b1|b2|b3|b4
1376,b0|b1|b2
1377,b0|b1|b2|b3
1378,b1|b3|b4
1379,b0|b1|b2|b3|b4
1380,b2|b3|b4
1381,b0|b1|b3
1382,b3
1383,b1
1384,b1|b2|b3|b4
1385,b0|b1|b2|b3|b4
1386,b0|b1|b2|b3|b4
1387,b1|b2|b3|b4
1388,b2|b3|b4
1389,b0|b3
1390,b1|b2|b3
1391,b0
1392,b4
1393,b0|b1|b3|b4
1394,b3
1395,b0|b1|b2|b3
1396,b0|b1|b2|b3|b4
1397,b0|b2
1398,b1|b2|b3|b4
1399,b2|b3|b4
1400,b2
1401,b0|b1|b2|b3
1402,b0|b1|b2|b3|b4
1403,b2|b3|b4
1404,b1|b2|b3|b4
1405,b2|b3|b4
1406,b1
1407,b0|b1|b2|b3|b4
1408,b1|b3|b4
1409,b4
1410,b4
1411,b4
1412,b0|b1|b2|b3|b4
1413,b2|b4
1414,b0|b1|b2|b3|b4
1415,b1|b3|b4
1416,b2|b4
1417,b0|b1|b2|b3
1418,b0|b1|b2|b3|b4
1419,b0|b1
1420,b1|b2|b3|b4
1421,b1|b2|b3
1422,b2|b3|b4
1423,b1|b2|b3|b4
1424,b0|b1
1425,b1|b2|b3|b4
1426,b0|b2
1427,b0|b1|b2|b3|b4
1428,b0|b1|b2|b3|b4
1429,b2
1430,b0|b1|b2|b3|b4
1431,b0|b1|b2|b3|b4
1432,b1|b2|b3|b4
1433,b0|b1|b2|b3|b4
1434,b1|b2|b3
1435,b1|b2|b3|b4
1436,b3|b4
1437,b3
1438,b3|b4
1439,b0|b1|b2
1440,b0|b3|b4
1441,b3|b4
1442,b0|b2|b3|b4
1443,b2
1444,b0|b4
1445,b0|b1|b2|b3|b4
1446,b4
1447,b0|b1|b2|b3|b4
1448,b0|b1|b2|b3|b4
1449,b3
1450,b1
1451,b1|b2
1452,b1|b2|b3
1453,b0|b1|b2|b3|b4
1454,b2|b3
1455,b1|b4
1456,b0|b1|b2|b3
1457,b4
1458,b4
1459,b1|b2|b3|b4
1460,b0|b1|b2|b3|b4
1461,b0|b1|b2|b3|b4
1462,b0|b1|b2|b3|b4
1463,b3|b4
1464,b1|b2|b3|b4
1465,b0|b1|b2|b3|b4
1466,b4
1467,b4
1468,b3|b4
1469,b4
1470,b2|b3
1471,b0|b1|b2|b4
1472,b0|b1|b2|b3|b4
1473,b1|b2|b3
1474,b1|b3
1475,b0|b1|b2|b3|b4
1476,b2|b3|b4
1477,b1|b2|b3|b4
1478,b0|b1|b2|b4
1479,b1
1480,b0|b1|b2|b3|b4
1481,b0|b1|b2|b3|b4
1482,b1|b4
1483,b0|b1|b2|b3|b4
1484,b0|b1|b2|b3|b4
1485,b3
1486,b1|b2|b3|b4
1487,b2
1488,b2|b3
1489,b2
1490,b2
1491,b1|b2|b3|b4
1492,b2|b3|b4
1493,b2|b3|b4
1494,b0|b1|b2|b3|b4
1495,b1|b2|b4
1496,b2
1497,b0|b1|b2|b3|b4
1498,b0|b3
1499,b2|b3|b4
1500,b1|b2|b3|b4
1501,b0|b2|b3
1502,b0
1503,b2|b3
1504,b1|b2|b3|b4
1505,b1|b2|b3|b4
1506,b3|b4
1507,b1|b3
1508,b2|b3|b4
1509,b1|b2|b3|b4
1510,b1|b2|b3
1511,b2|b3|b4
1512,b1|b2|b3|b4
1513,b1|b2|b3|b4
1514,b0|b1|b2|b3|b4
1515,b4
1516,b1|b3
1517,b1|b2|b3
1518,b1|b2|b3|b4
1519,b1|b3
1520,b3
1521,b2|b3|b4
1522,b1|b2|b4
1523,b0|b1|b2|b3
1524,b1|b3|b4
1525,b0
1526,b2|b3|b4
1527,b4
1528,b0|b2
1529,b0
1530,b1|b2|b3|b4
1531,b1|b2|b3|b4
1532,b2|b3
1533,b1|b2|b3|b4
1534,b0|b1
1535,b0|b3
1536,b0|b1|b2|b3|b4
1537,b3|b4
1538,b1|b2|b3
1539,b1|b4
1540,b2|b3|b4
1541,b0|b1|b2|b3|b4
1542,b2|b3|b4
1543,b2
1544,b0|b1|b2|b3|b4
1545,b1
1546,b0|b3|b4
1547,b2
1548,b2|b4
1549,b1|b2|b3|b4
1550,b1|b2|b3|b4
1551,b2|b4
1552,b3
1553,b0|b1|b2|b3|b4
1554,b2|b3|b4
1555,b3
1556,b1
1557,b4
1558,b1|b2|b3|b4
1559,b0|b1|b2
1560,b3|b4
1561,b4
1562,b2|b3|b4
1563,b3|b4
1564,b1|b3|b4
1565,b0|b1|b2
1566,b3
1567,b1|b2|b3|b4
1568,b3|b4
1569,b2
1570,b0|b2
1571,b3|b4
1572,b1|b2|b3|b4
1573,b1|b2|b3|b4
1574,b0|b1|b2|b3|b4
1575,b3|b4
1576,b0|b1|b3|b4
1577,b1|b2
1578,b0|b1|b2|b3|b4
1579,b1|b2|b3|b4
1580,b0|b4
1581,b0|b1|b2|b3|b4
1582,b0|b1|b2
1583,b0|b3
1584,b1|b2|b3|b4
1585,b1|b3|b4
1586,b1|b2|b4
1587,b0|b1|b2|b3|b4
1588,b0|b1|b2|b3|b4
1589,b0|b2|b3|b4
1590,b1|b2|b3|b4
1591,b2|b4
1592,b4
1593,b2|b4
1594,b1|b2|b3|b4
1595,b0|b1|b2|b3|b4
1596,b3
1597,b0|b2|b4
1598,b2|b3|b4
1599,b3|b4
1600,b4
1601,b0|b1|b2|b3|b4
1602,b2|b4
1603,b0|b2|b3
1604,b1|b2|b3
1605,b3
1606,b2|b4
1607,b2|b3|b4
1608,b0|b1|b2|b3|b4
1609,b2
1610,b2|b3
1611,b3|b4
1612,b0|b1|b2|b3|b4
1613,b1|b2|b3|b4
1614,b0|b1|b2|b3|b4
1615,b1|b2|b3|b4
1616,b3|b4
1617,b1|b2|b3
1618,b4
1619,b1|b2|b3|b4
1620,b0|b1|b2|b3
1621,b0|b1|b2|b3|b4
1622,b3|b4
1623,b0|b1|b2|b3|b4
1624,b2|b4
1625,b2|b3
1626,b4
1627,b3|b4
1628,b1|b3|b4
1629,b3
1630,b3|b4
1631,b1|b2|b3|b4
1632,b0|b1|b2|b3|b4
1633,b2|b3|b4
1634,b1
1635,b2|b3
1636,b1|b2|b3|b4
1637,b3|b4
1638,b0|b1|b3|b4
1639,b4
1640,b0|b2
1641,b0|b1|b2|b3|b4
1642,b0|b1|b3
1643,b0|b1|b2|b3|b4
1644,b0|b1|b2|b3|b4
1645,b0|b1|b2|b3
1646,b0|b1|b2|b3|b4
1647,b0|b1|b2
1648,b1|b2|b3|b4
1649,b0|b1|b2|b3|b4
1650,b1|b3|b4
1651,b1|b2|b3|b4
1652,b2|b3|b4
1653,b0|b4
1654,b1|b3
1655,b0|b1|b2|b3|b4
1656,b1|b2|b3
1657,b2|b3|b4
1658,b1|b2|b4
1659,b0
1660,b4
1661,b2
1662,b0|b2|b3|b4
1663,b0|b1|b2|b3|b4
1664,b0|b2|b3
1665,b0|b1|b2|b3|b4
1666,b4
1667,b0|b1|b2
1668,b0|b1|b2
1669,b4
1670,b1|b2|b3|b4
1671,b4
1672,b1|b2|b3|b4
1673,b1|b2|b3|b4
1674,b0|b1|b2|b3|b4
1675,b0|b1|b2|b3|b4
1676,b1
1677,b0|b1|b3|b4
1678,b1|b3|b4
1679,b1|b2|b3|b4
1680,b1|b3|b4
1681,b3|b4
1682,b2|b3|b4
1683,b3|b4
1684,b0|b1|b2|b3|b4
1685,b0
1686,b0|b1|b3
1687,b0|b1|b3
1688,b2|b3
1689,b0|b1|b2|b3|b4
1690,b0|b1
1691,b0|b1|b2|b3|b4
1692,b0|b1|b2|b3|b4
1693,b0|b1|b2|b3|b4
1694,b2|b3|b4
1695,b0|b1|b2|b3|b4
1696,b1|b2|b4
1697,b0|b1
1698,b0|b1|b4
1699,b2|b3|b4
1700,b0|b1|b2|b3|b4
1701,b1
1702,b4
1703,b1|b2|b3|b4
1704,b3
1705,b0|b1
1706,b0
1707,b2|b3|b4
1708,b1
1709,b0|b1|b2|b3|b4
1710,b1
1711,b1|b2|b3
1712,b2
1713,b0|b1|b2|b3|b4
1714,b4
1715,b3|b4
1716,b1|b3|b4
1717,b1|b2|b3
1718,b1|b2|b3|b4
1719,b0|b1|b2|b3
1720,b4
1721,b1|b2|b3|b4
1722,b3|b4
1723,b0|b1|b2|b3|b4
1724,b1|b2|b3|b4
1725,b1|b2|b3|b4
1726,b2|b3|b4
1727,b3|b4
1728,b0|b1|b2
1729,b0|b1|b2
1730,b3|b4
1731,b1|b2|b3|b4
1732,b4
1733,b1|b3|b4
1734,b1|b2
1735,b0|b1|b2|b3|b4
1736,b0|b1|b2|b3|b4
1737,b4
1738,b0|b1|b2|b3|b4
1739,b1|b2|b3|b4
1740,b3
1741,b1|b2
1742,b4
1743,b1|b2|b3|b4
1744,b0|b1|b2|b3|b4
1745,b0
1746,b0|b1|b2|b3|b4
1747,b1|b2|b3|b4
1748,b1|b3|b4
1749,b2|b3|b4
1750,b0|b1|b2|b3|b4
1751,b0|b1|b2|b3|b4
1752,b1|b2|b3|b4
1753,b2
1754,b0|b2|b3
1755,b4
1756,b0|b1|b2|b3|b4
1757,b3|b4
1758,b3|b4
1759,b0|b1
1760,b0|b1|b2|b3
1761,b0|b1|b2|b3|b4
1762,b1|b2|b3|b4
1763,b0|b1|b2|b3|b4
1764,b0|b1
1765,b0|b1|b2|b3|b4
1766,b2|b4
1767,b1|b2|b3|b4
1768,b1|b2|b3|b4
1769,b0|b1|b2|b3|b4
1770,b4
1771,b4
1772,b0|b2|b3|b4
1773,b0
1774,b3|b4
1775,b1|b2|b3|b4
1776,b1|b2|b3|b4
1777,b3
1778,b3|b4
1779,b0|b1|b2|b3|b4
1780,b3|b4
1781,b1|b2|b3|b4
1782,b0|b3
1783,b2
1784,b3
1785,b2|b3|b4
1786,b4
1787,b0
1788,b3|b4
1789,b3|b4
1790,b4
1791,b3
1792,b1|b2
1793,b3
1794,b2
1795,b0|b1|b2
1796,b4
1797,b0
1798,b0|b2
1799,b0|b3|b4
1800,b1|b2
1801,b0|b1|b2|b3
1802,b0|b2
1803,b2
1804,b1|b2
1805,b1|b3|b4
1806,b0|b4
1807,b2|b3|b4
1808,b1|b2|b3
1809,b3|b4
1810,b0|b1|b2|b3|b4
1811,b2
1812,b0|b1|b2|b3|b4
1813,b2
1814,b2|b3|b4
1815,b0|b1|b2|b3|b4
1816,b0|b1|b2|b3|b4
1817,b0|b1|b2|b3|b4
1818,b0|b1|b2
1819,b1|b2|b3|b4
1820,b0|b1|b2|b3|b4
1821,b3
1822,b0
1823,b0
1824,b2|b3|b4
1825,b4
1826,b3
1827,b3|b4
1828,b1|b4
1829,b0|b1|b2|b3|b4
1830,b1|b3
1831,b1|b2|b3|b4
1832,b0|b1|b2|b3|b4
1833,b1|b2|b3|b4
1834,b1|b2|b4
1835,b4
1836,b0|b1|b2|b3|b4
1837,b1|b2|b4
1838,b3|b4
1839,b0|b1|b2|b3|b4
1840,b0|b1|b2|b3|b4
1841,b1|b2|b3|b4
1842,b0|b1|b2|b3|b4
1843,b0|b1|b2|b3|b4
1844,b2|b3|b4
1845,b0|b1|b2|b3|b4
1846,b1|b2|b4
1847,b0|b1|b2|b3|b4
1848,b1|b4
1849,b0|b2|b3|b4
1850,b1|b2|b4
1851,b0|b1|b2|b3|b4
1852,b0|b1|b2|b3|b4
1853,b0|b1|b3
1854,b3|b4
1855,b0|b1|b2|b3|b4
1856,b1|b2|b3|b4
1857,b0|b1|b2|b3|b4
1858,b2|b3|b4
1859,b0|b2|b3|b4
1860,b3|b4
1861,b1|b2|b3|b4
1862,b4
1863,b0|b1|b2|b3|b4
1864,b0|b1|b2|b3|b4
1865,b2|b3|b4
1866,b0|b1|b2|b3|b4
1867,b0|b1|b2|b3|b4
1868,b1|b2|b3|b4
1869,b0|b3
1870,b1|b2|b3|b4
1871,b3|b4
1872,b1|b2|b3
1873,b1
1874,b0|b1|b2|b3|b4
1875,b3|b4
1876,b0|b1|b2|b3|b4
1877,b0|b1|b2|b3|b4
1878,b0|b1|b2
1879,b0|b2|b4
1880,b1|b2|b3|b4
1881,b0|b1|b2|b3|b4
1882,b1|b2|b4
1883,b0|b1|b2|b3|b4
1884,b3|b4
1885,b0|b1
1886,b0|b1|b2
1887,b0|b1|b2|b3|b4
1888,b3|b4
1889,b1|b2
1890,b3|b4
1891,b1|b2|b3|b4
1892,b4
1893,b4
1894,b2|b4
1895,b4
1896,b0|b1|b2|b3|b4
1897,b1|b2|b3|b4
1898,b1|b2|b3|b4
1899,b1|b2|b3|b4
1900,b3|b4
1901,b2|b4
1902,b1|b2
1903,b2|b4
1904,b2|b3
1905,b2
1906,b1|b3
1907,b0|b2|b3
1908,b1|b4
1909,b1|b2|b3
1910,b1|b2|b3|b4
1911,b4
1912,b2
1913,b1|b2
1914,b3
1915,b0|b1|b2|b3|b4
1916,b0
1917,b1|b2
1918,b1|b3
1919,b1|b2
1920,b4
1921,b0|b1|b2|b3|b4
1922,b0|b1|b2|b3|b4
1923,b0|b1|b2|b3|b4
1924,b2|b3|b4
1925,b0|b1|b2|b3
1926,b1|b2|b3|b4
1927,b1|b2|b3|b4
1928,b1|b2|b3|b4
1929,b0|b1|b2|b3|b4
1930,b0
1931,b0|b1|b2|b3|b4
1932,b1|b4
1933,b3|b4
1934,b0|b1|b2|b3|b4
1935,b2|b3|b4
1936,b0|b1|b2|b3|b4
1937,b2|b3|b4
1938,b1|b3|b4
1939,b2|b3|b4
1940,b1
1941,b2|b3
1942,b1|b2|b3|b4
1943,b1|b2|b3|b4
1944,b0|b1|b2|b3|b4
1945,b1|b2
1946,b1|b2|b3
1947,b2|b3|b4
1948,b4
1949,b1|b2|b3|b4
1950,b0
1951,b0|b2|b3|b4
1952,b0|b2|b3|b4
1953,b1|b3|b4
1954,b1|b2|b3|b4
1955,b2|b3|b4
1956,b0
1957,b0|b1|b2|b3|b4
1958,b1|b4
1959,b0|b2|b4
1960,b1|b2|b4
1961,b1|b2|b3|b4
1962,b0|b1|b2|b3|b4
1963,b0|b1|b2|b3|b4
1964,b0|b1|b3
1965,b4
1966,b2|b3
1967,b2
1968,b4
1969,b0|b2
1970,b1|b2|b3
1971,b2
1972,b3
1973,b2
1974,b3
1975,b1|b2|b3|b4
1976,b0|b1|b4
1977,b0|b1|b2|b4
1978,b0|b2|b3
1979,b0|b1|b2|b4
1980,b0|b1|b2|b3|b4
1981,b1|b2|b3|b4
1982,b0
1983,b1|b3|b4
1984,b0|b1|b2|b3|b4
1985,b2|b3|b4
1986,b3|b4
1987,b0|b1|b2|b3|b4
1988,b0|b1|b2|b3|b4
1989,b0|b1|b2|b3|b4
1990,b4
1991,b3
1992,b4
1993,b0|b1|b2|b3|b4
1994,b2|b3
1995,b1|b2|b3|b4
1996,b0|b1|b2|b3|b4
1997,b2|b3|b4
1998,b1|b2|b3
1999,b1|b3|b4
2000,b0|b1
2001,b2|b3|b4
2002,b4
2003,b0|b1|b2|b3|b4
2004,b0|b1|b2|b3|b4
2005,b0|b1|b2|b3|b4
2006,b1|b3|b4
2007,b1|b3|b4
2008,b0|b1|b2|b3|b4
2009,b4
2010,b0|b1|b2|b3|b4
2011,b2
2012,b0|b1|b2|b3|b4
2013,b0|b1|b3
2014,b0|b1|b3|b4
2015,b4
2016,b2
2017,b4
2018,b4
2019,b4
2020,b0|b1|b3|b4
2021,b1|b2|b3|b4
2022,b0|b1|b2|b3|b4
2023,b1|b2|b3|b4
2024,b0|b1|b2|b3|b4
2025,b2|b3
2026,b0|b1|b2|b3|b4
2027,b0|b1|b2|b4
2028,b0|b1|b2|b3|b4
2029,b1|b2|b3|b4
2030,b1
2031,b2|b3|b4
2032,b0|b1|b2|b3|b4
2033,b3|b4
2034,b2|b3
2035,b2|b3|b4
2036,b3|b4
2037,b1|b2|b3|b4
2038,b0|b1|b2|b3|b4
2039,b0|b1|b2
2040,b0
2041,b1
2042,b0|b1|b2|b3|b4
2043,b1|b2|b3|b4
2044,b0|b1|b2|b3|b4
2045,b1|b2|b3
2046,b0|b1|b2|b3|b4
2047,b0|b1|b2|b3|b4
2048,b3|b4
2049,b1|b3|b4
2050,b1
2051,b0|b1|b2|b3|b4
2052,b2|b3
2053,b4
2054,b1|b2|b3|b4
2055,b0|b1|b2|b3|b4
2056,b4
2057,b0|b1|b2|b3|b4
2058,b2|b3|b4
2059,b1|b3|b4
2060,b0|b1|b2|b3|b4
2061,b2
2062,b1|b2|b3|b4
2063,b0|b2
2064,b0|b1|b2
2065,b0|b2|b3|b4
2066,b1|b2|b3
2067,b1
2068,b4
2069,b3
2070,b0|b1|b2|b3|b4
2071,b2|b3|b4
2072,b2
2073,b3|b4
2074,b0|b1|b3
2075,b3|b4
2076,b2|b3|b4
2077,b0|b1|b2|b3|b4
2078,b0|b1|b2|b3|b4
2079,b0|b1|b2|b3|b4
2080,b3
2081,b0|b3|b4
2082,b0|b1|b2|b3|b4
2083,b0|b1|b2|b3
2084,b4
2085,b4
2086,b0|b1|b2|b3|b4
2087,b3|b4
2088,b0|b1|b2|b3|b4
2089,b2|b4
2090,b0|b1
2091,b1|b3|b4
2092,b3|b4
2093,b0|b1|b2|b3
2094,b0|b1|b2|b3|b4
2095,b1
2096,b4
2097,b0|b1|b2|b3|b4
2098,b0|b1|b2|b3|b4
2099,b1|b2|b3|b4
2100,b2|b4
2101,b0|b1|b2|b3|b4
2102,b4
2103,b3|b4
2104,b0|b1|b2|b3|b4
2105,b0
2106,b1
2107,b0|b1|b2|b3|b4
2108,b0|b1|b3
2109,b1|b2
2110,b1|b2|b3|b4
2111,b3|b4
2112,b3|b4
2113,b1|b2|b4
2114,b1|b2|b3|b4
2115,b4
2116,b1|b2|b3|b4
2117,b2|b3
2118,b1|b2
2119,b2
2120,b4
2121,b0
2122,b3|b4
2123,b0|b1|b2|b3
2124,b0|b1|b3|b4
2125,b1|b2
2126,b0|b3
2127,b0|b1|b3|b4
2128,b0|b1|b2|b3|b4
2129,b0|b2|b3
2130,b1
2131,b3|b4
2132,b1|b2|b3|b4
2133,b3
2134,b1|b2|b3
2135,b0|b1|b2|b3|b4
2136,b1|b2
2137,b0|b1|b2|b3|b4
2138,b3|b4
2139,b1|b2|b3|b4
2140,b0
2141,b2
2142,b0|b1|b2|b3|b4
2143,b0|b1|b2|b3|b4
2144,b1|b2|b3
2145,b0|b1|b3
2146,b0|b1|b2|b3|b4
2147,b0|b2|b3
2148,b3|b4
2149,b2|b3|b4
2150,b1
2151,b0|b1|b3|b4
2152,b0|b1|b2|b3|b4
2153,b2|b4
2154,b0|b1|b2|b3|b4
2155,b1|b2|b3|b4
2156,b1|b3|b4
2157,b1
2158,b1|b2|b3|b4
2159,b0|b3|b4
2160,b1|b2|b4
2161,b2|b3|b4
2162,b2
2163,b2|b3
2164,b0|b2
2165,b0|b1|b2|b3|b4
2166,b1
2167,b2|b3|b4
2168,b2|b3|b4
2169,b0|b2|b3|b4
2170,b1|b2|b3|b4
2171,b4
2172,b1|b2|b3|b4
2173,b0
2174,b1|b2|b4
2175,b0|b1|b2|b3|b4
2176,b1|b2|b3|b4
2177,b1
2178,b2
2179,b1|b3|b4
2180,b0|b1|b2|b3|b4
2181,b3
2182,b0|b1|b2|b3|b4
2183,b1
2184,b1|b3
2185,b1|b2|b3|b4
2186,b1|b2|b3|b4
2187,b2|b4
2188,b0|b3|b4
2189,b0|b1|b4
2190,b1|b2|b3|b4
2191,b2|b3
2192,b0|b1|b2|b3
2193,b0
2194,b1|b2|b3
2195,b4
2196,b1|b2|b3|b4
2197,b0|b1|b2|b3
2198,b0|b1|b2|b3|b4
2199,b2|b3|b4
2200,b2|b4
2201,b0|b3
2202,b2|b3|b4
2203,b0|b1|b2|b3|b4
2204,b2|b3|b4
2205,b2|b3|b4
2206,b0|b1|b2|b3|b4
2207,b0|b1|b2|b3|b4
2208,b1|b2|b3|b4
2209,b2|b4
2210,b0|b1|b2|b3|b4
2211,b2|b4
2212,b2|b3|b4
2213,b0|b3|b4
2214,b0|b1
2215,b1|b2|b3|b4
2216,b4
2217,b1|b3
2218,b0|b1|b2|b3|b4
2219,b0|b1|b2|b3|b4
2220,b2|b3|b4
2221,b3
2222,b0|b1|b2|b3|b4
2223,b3|b4
2224,b0|b3|b4
2225,b4
2226,b1
2227,b2|b3
2228,b2|b4
2229,b0|b1|b2|b3|b4
2230,b1|b2|b3
2231,b3|b4
2232,b2
2233,b2|b3|b4
2234,b3
2235,b2|b4
2236,b0|b1|b2
2237,b1|b3|b4
2238,b1|b2|b3|b4
2239,b4
2240,b1|b3|b4
2241,b0|b1|b2|b3|b4
2242,b3
2243,b1|b2|b3|b4
2244,b2|b3|b4
2245,b0|b1|b2|b3
2246,b2|b4
2247,b2|b3|b4
2248,b4
2249,b0|b1|b2|b3|b4
2250,b2|b3|b4
2251,b0|b1|b2|b3|b4
2252,b0|b1|b2|b3|b4
2253,b3|b4
2254,b2|b3|b4
2255,b4
2256,b0|b3
2257,b0|b1|b2|b3
2258,b0|b1|b2|b3|b4
2259,b2
2260,b1|b2|b3|b4
2261,b1|b3|b4
2262,b1|b2|b3|b4
2263,b2|b3|b4
2264,b1
2265,b3|b4
2266,b1
2267,b1|b2|b3|b4
2268,b0|b1|b2|b3|b4
2269,b2|b3
2270,b3
2271,b2|b3|b4
2272,b2|b3
2273,b4
2274,b3|b4
2275,b0|b1
2276,b0|b1|b2|b3|b4
2277,b3|b4
2278,b2|b3
2279,b0|b1|b2|b3|b4
2280,b4
2281,b0|b1|b2
2282,b2|b3|b4
2283,b0
2284,b3|b4
2285,b1|b2|b3|b4
2286,b2|b4
2287,b1|b2|b3|b4
2288,b2|b4
2289,b2|b3|b4
2290,b0|b1|b3
2291,b3
2292,b0|b1|b2|b3|b4
2293,b2
2294,b3|b4
2295,b0|b1|b2|b3|b4
2296,b3|b4
2297,b3|b4
2298,b0|b1|b2|b3|b4
2299,b1|b2|b4
2300,b4
2301,b1|b3|b4
2302,b4
2303,b0|b1|b2|b3|b4
2304,b0|b1|b2|b3|b4
2305,b3|b4
2306,b3|b4
2307,b3|b4
2308,b1
2309,b1
2310,b0|b1|b2|b3|b4
2311,b0
2312,b3|b4
2313,b3|b4
2314,b2|b4
2315,b2|b3|b4
2316,b0|b1|b2|b3|b4
2317,b0|b1|b2|b4
2318,b0|b1|b3
2319,b1|b2|b3|b4
2320,b1
2321,b3|b4
2322,b1|b2
2323,b2|b3|b4
2324,b4
2325,b0|b1|b2|b3|b4
2326,b0|b1|b2|b3|b4
2327,b0|b2
2328,b1
2329,b1|b2
2330,b2|b4
2331,b2|b3|b4
2332,b1|b4
2333,b1|b2|b3|b4
2334,b3
2335,b0
2336,b2|b4
2337,b1|b3
2338,b0|b1|b2|b3|b4
2339,b3|b4
2340,b1|b2
2341,b1|b2|b3|b4
2342,b1|b2|b3|b4
2343,b0|b1|b3
2344,b4
2345,b1|b2|b3|b4
2346,b1|b2|b4
2347,b0|b1|b3|b4
2348,b1|b2|b3
2349,b1|b2|b3|b4
2350,b1|b2|b4
2351,b3|b4
2352,b1|b3|b4
2353,b0|b1|b2|b3|b4
2354,b0|b2
2355,b4
2356,b1
2357,b0|b1|b2|b3|b4
2358,b0|b3
2359,b0|b1|b2|b3|b4
2360,b0|b1|b2
2361,b2|b3
2362,b0|b1|b2
2363,b3
2364,b0|b3|b4
2365,b0|b1|b2|b3|b4
2366,b2|b4
2367,b1|b2|b3
2368,b0|b1
2369,b0|b2|b3|b4
2370,b1|b2|b3|b4
2371,b4
2372,b3|b4
2373,b2|b4
2374,b1|b2|b3|b4
2375,b0|b2|b3
2376,b0|b1|b2|b3|b4
2377,b1|b3|b4
2378,b0|b1|b2|b3|b4
2379,b4
2380,b0|b1|b2|b3|b4
2381,b4
2382,b0
2383,b1|b2
2384,b0|b1|b2|b3|b4
2385,b1
2386,b3
2387,b1|b2|b3|b4
2388,b4
2389,b0|b1|b2|b3|b4
2390,b2
2391,b1|b4
2392,b1|b2|b3|b4
2393,b2|b3|b4
2394,b4
2395,b0
2396,b0|b1|b2|b3|b4
2397,b1|b4
2398,b3
2399,b2|b3|b4
2400,b0|b1|b2|b3|b4
2401,b2|b4
2402,b1|b3
2403,b2|b3|b4
2404,b4
2405,b3|b4
2406,b3
2407,b0|b1
2408,b0|b1|b2|b3|b4
2409,b0|b3
2410,b0|b3
2411,b0|b1|b2|b3|b4
2412,b0|b2|b3|b4
2413,b1|b2|b3|b4
2414,b1|b3
2415,b1|b2|b3|b4
2416,b1|b3|b4
2417,b0|b1|b2|b3|b4
2418,b1|b2|b3|b4
2419,b4
2420,b1
2421,b1|b2|b3|b4
2422,b0|b1|b2|b3|b4
2423,b0|b1
2424,b4
2425,b1|b2|b4
2426,b0|b1|b2|b3
2427,b4
2428,b2|b3|b4
2429,b0|b1|b2|b3
2430,b0|b2
2431,b2|b3|b4
2432,b0|b1|b2|b3|b4
2433,b1
2434,b1
2435,b0|b1
2436,b1|b2|b3|b4
2437,b1|b2|b3|b4
2438,b0|b1|b2|b3|b4
2439,b3|b4
2440,b0|b1|b2|b3|b4
2441,b0|b1|b2|b4
2442,b1
2443,b1|b2|b3|b4
2444,b0|b1|b2|b3|b4
2445,b2
2446,b0|b1|b3
2447,b0|b1|b2|b3|b4
2448,b1
2449,b2|b3|b4
2450,b3
2451,b1|b2|b4
2452,b0
2453,b0|b1|b4
2454,b1|b2|b3|b4
2455,b0|b2|b3|b4
2456,b1|b2
2457,b0|b1|b2|b3|b4
2458,b1|b2|b3|b4
2459,b0|b1|b2|b3
2460,b1|b2|b3|b4
2461,b0
2462,b0
2463,b1|b2|b3|b4
2464,b0|b1|b4
2465,b4
2466,b0|b1|b2|b3|b4
2467,b1
2468,b4
2469,b0|b1|b2|b3|b4
2470,b4
2471,b1|b2|b3|b4
2472,b2|b4
2473,b1|b2|b4
2474,b4
2475,b0|b1|b2|b3|b4
2476,b1
2477,b1|b2|b3|b4
2478,b0|b2
2479,b2|b4
2480,b0|b1|b2|b3|b4
2481,b1|b3
2482,b1|b2|b3|b4
2483,b0|b1|b2|b3|b4
2484,b0
2485,b1|b2|b3|b4
2486,b4
2487,b0|b1|b2|b4
2488,b0|b1|b3|b4
2489,b0|b1|b3|b4
2490,b0|b1|b3
2491,b1
2492,b0|b3|b4
2493,b0|b2
2494,b2|b3|b4
2495,b1|b2|b4
2496,b0|b1|b2|b3|b4
2497,b0|b2|b4
2498,b2
2499,b2|b3|b4
2500,b0|b1|b2|b3|b4
2501,b3
2502,b3|b4
2503,b1|b2|b3|b4
2504,b1
2505,b3|b4
2506,b1
2507,b1|b2|b3|b4
2508,b0
2509,b0|b1|b2|b3|b4
2510,b0|b1|b4
2511,b0|b1|b2|b3
2512,b1|b3
2513,b4
2514,b2|b3|b4
2515,b0|b1|b2|b3
2516,b2|b3|b4
2517,b2
2518,b0|b1|b2|b3
2519,b1|b2|b4
2520,b0|b1|b2|b3|b4
2521,b0|b2|b3
2522,b2
2523,b4
2524,b2|b3|b4
2525,b1|b2|b3|b4
2526,b0|b1|b2|b3|b4
2527,b0|b1|b2|b3|b4
2528,b0|b1|b2|b3|b4
2529,b4
2530,b1|b2|b3|b4
2531,b2|b4
2532,b3
2533,b0|b1|b2|b3|b4
2534,b4
2535,b0|b1|b2|b3|b4
2536,b0|b1
2537,b4
2538,b1|b2|b3|b4
2539,b3|b4
2540,b0|b1|b2|b3|b4
2541,b3|b4
2542,b1
2543,b1|b2|b3|b4
2544,b1|b2
2545,b0
2546,b1|b2|b3|b4
2547,b0|b3|b4
2548,b4
2549,b0|b4
2550,b1|b4
2551,b0|b1|b2|b3|b4
2552,b2|b3|b4
2553,b0|b1|b2|b3|b4
2554,b0|b1|b2|b3|b4
2555,b4
2556,b3|b4
2557,b0|b1|b2|b3|b4
2558,b0|b1|b2|b3|b4
2559,b2|b3|b4
2560,b1
2561,b1|b2|b3|b4
2562,b4
2563,b0|b3|b4
2564,b0|b1|b2|b3|b4
2565,b3|b4
2566,b1|b2|b3|b4
2567,b3|b4
2568,b1|b2|b3|b4
2569,b0|b1|b4
2570,b3
2571,b1|b2|b3|b4
2572,b3
2573,b2|b3|b4
2574,b4
2575,b0|b1|b2|b3|b4
2576,b0|b1|b2|b3|b4
2577,b0|b1|b2|b3|b4
2578,b1|b2|b3|b4
2579,b0|b1|b2|b3|b4
2580,b1|b2|b3
2581,b1|b2|b3|b4
2582,b1|b3
2583,b2|b4
2584,b1|b3
2585,b1|b2|b3|b4
2586,b0|b1|b2|b3|b4
2587,b0|b2|b4
2588,b2|b4
2589,b0|b1|b2|b3|b4
2590,b4
2591,b1|b2|b4
2592,b0
2593,b2
2594,b2|b3|b4
2595,b2|b3|b4
2596,b0|b1|b2|b3|b4
2597,b3
2598,b1|b2|b3|b4
2599,b0|b1|b2|b3|b4
2600,b1|b2|b3|b4
2601,b2|b3
2602,b0|b3|b4
2603,b0|b1|b2
2604,b0|b1|b2|b3|b4
2605,b4
2606,b1|b2|b3|b4
2607,b2|b3|b4
2608,b1|b2
2609,b1|b2|b3|b4
2610,b0|b1|b2|b3|b4
2611,b0|b1|b2|b3|b4
2612,b0|b1|b2|b3|b4
2613,b0|b1|b2|b3|b4
2614,b1|b2|b3|b4
2615,b1|b2
2616,b1|b2
2617,b1|b2|b3|b4
2618,b1|b3|b4
2619,b4
2620,b1|b2|b4
2621,b1|b2|b3|b4
2622,b3|b4
2623,b0|b1|b2|b3|b4
2624,b1|b2|b3
2625,b4
2626,b2|b3|b4
2627,b0|b2|b3|b4
2628,b0|b1|b2|b3|b4
2629,b4
2630,b1|b2|b3
2631,b0|b2|b3
2632,b1|b2|b3|b4
2633,b2|b4
2634,b3|b4
2635,b0
2636,b0|b1|b2|b3|b4
2637,b3
2638,b1|b2|b3|b4
2639,b0|b1|b2
2640,b2|b3|b4
2641,b0
2642,b1|b3
2643,b0|b1|b2|b3|b4
2644,b2|b3|b4
2645,b1|b2
2646,b3|b4
2647,b1|b2|b3|b4
2648,b0|b2|b3
2649,b1|b3|b4
2650,b0|b1|b2|b3
2651,b1
2652,b1|b4
2653,b0|b1|b2|b3|b4
2654,b2|b4
2655,b1|b2
2656,b4
2657,b1|b2|b3
2658,b1|b2|b3|b4
2659,b2|b4
2660,b1|b2|b3|b4
2661,b1|b2|b3|b4
2662,b4
2663,b0|b1|b2|b3|b4
2664,b2|b3|b4
2665,b1|b2
2666,b0
2667,b0|b1
2668,b0|b1|b2|b3|b4
2669,b2|b3|b4
2670,b0|b1|b2|b3|b4
2671,b3|b4
2672,b0|b1|b2|b3|b4
2673,b0|b1
2674,b1|b3|b4
2675,b0|b1|b2|b4
2676,b1|b2|b3|b4
2677,b1|b3|b4
2678,b1|b2|b3|b4
2679,b0|b1|b2|b4
2680,b1
2681,b4
2682,b4
2683,b0|b1|b2|b3
2684,b3|b4
2685,b2|b3|b4
2686,b1
2687,b1
2688,b1|b2|b3|b4
2689,b1|b2
2690,b1|b3
2691,b0|b1|b2|b3
2692,b0|b1|b2|b3|b4
2693,b0|b1|b2|b3|b4
2694,b2|b3|b4
2695,b2
2696,b1|b3|b4
2697,b1|b2
2698,b0|b1|b2|b3|b4
2699,b3|b4
2700,b0|b3
2701,b1|b3|b4
2702,b0|b1|b2|b3|b4
2703,b3|b4
2704,b4
2705,b3|b4
2706,b1|b2|b3|b4
2707,b2|b4
2708,b1|b2|b3
2709,b2|b4
2710,b1|b3|b4
2711,b2|b3|b4
2712,b2|b3
2713,b0|b2|b4
2714,b2
2715,b0|b1|b2|b3|b4
2716,b2|b3|b4
2717,b0|b1|b2|b3|b4
2718,b2
2719,b1|b2|b3|b4
2720,b2|b3|b4
2721,b4
2722,b2|b3|b4
2723,b0|b1|b2|b3
2724,b3
2725,b2
2726,b0|b1|b2|b3|b4
2727,b1|b2|b3|b4
2728,b2|b3|b4
2729,b2|b3|b4
2730,b2|b3|b4
2731,b2|b3|b4
2732,b1|b2|b3|b4
2733,b3
2734,b2|b3|b4
2735,b1|b3|b4
2736,b0|b1|b2|b3|b4
2737,b2|b3|b4
2738,b2|b3|b4
2739,b3
2740,b0|b2
2741,b1|b2|b3|b4
2742,b0|b1|b2|b3|b4
2743,b0|b2|b3|b4
2744,b1|b2|b3
2745,b4
2746,b3|b4
2747,b2
2748,b3|b4
2749,b1|b2|b3|b4
2750,b2|b3
2751,b2|b3|b4
2752,b0|b1|b2|b3|b4
2753,b2|b3|b4
2754,b0|b1|b3
2755,b4
2756,b3|b4
2757,b0|b1
2758,b2
2759,b1|b3
2760,b0|b2|b3
2761,b0|b3|b4
2762,b0|b1|b2|b3|b4
2763,b0|b1|b2|b3|b4
2764,b2|b3|b4
2765,b1|b2|b3
2766,b0|b1|b2|b3|b4
2767,b2|b3|b4
2768,b4
2769,b1|b2|b3|b4
2770,b4
2771,b0|b1
2772,b3|b4
2773,b0|b1|b2|b3|b4
2774,b4
2775,b0|b1|b3
2776,b3
2777,b0|b1
2778,b4
2779,b0|b1|b2|b3|b4
2780,b0|b1|b2|b3|b4
2781,b3|b4
2782,b2|b3
2783,b0|b1|b2|b3|b4
2784,b0|b1|b2|b3
2785,b3|b4
2786,b1
2787,b0
2788,b0|b1|b2|b4
2789,b4
2790,b0|b1|b2|b3|b4
2791,b0|b2|b4
2792,b3|b4
2793,b0|b1|b2|b3|b4
2794,b0|b1|b4
2795,b0|b1|b2|b3|b4
2796,b3|b4
2797,b3
2798,b1|b3|b4
2799,b3|b4
2800,b2|b3|b4
2801,b1|b2
2802,b0|b1|b2|b3|b4
2803,b1
2804,b0|b1|b2|b3|b4
2805,b0|b1|b2|b4
2806,b0
2807,b0|b1|b2|b3|b4
2808,b0|b1|b2|b3|b4
2809,b0|b1|b2|b3|b4
2810,b0|b1|b2|b3|b4
2811,b1|b2|b4
2812,b2|b3|b4
2813,b1|b2|b3|b4
2814,b0|b2|b4
2815,b0|b1|b2|b3|b4
2816,b1|b2|b3|b4
2817,b0|b1|b2|b3|b4
2818,b4
2819,b0|b3|b4
2820,b0|b1|b2|b3|b4
2821,b1|b2|b3
2822,b2
2823,b1|b2|b3|b4
2824,b3|b4
2825,b3
2826,b1|b2|b3
2827,b1|b3|b4
2828,b1|b2|b3|b4
2829,b3|b4
2830,b0|b1|b2|b3|b4
2831,b0|b1|b2|b3|b4
2832,b3|b4
2833,b0|b1|b4
2834,b4
2835,b0|b1|b2|b3|b4
2836,b0|b1|b2|b3|b4
2837,b0
2838,b1|b2|b3|b4
2839,b3
2840,b0|b1|b2|b3|b4
2841,b0|b4
2842,b0
2843,b0|b1|b2|b3|b4
2844,b2|b3|b4
2845,b1|b2|b3|b4
2846,b1|b2
2847,b0|b1|b2|b3
2848,b1|b2|b3|b4
2849,b1|b2
2850,b0|b1|b2|b3|b4
2851,b0|b1|b2|b3|b4
2852,b0|b1|b2|b3|b4
2853,b1|b4
2854,b1|b3|b4
2855,b0|b1|b2|b3|b4
2856,b3|b4
2857,b0
2858,b0|b3
2859,b0
2860,b1|b2|b4
2861,b0|b1|b2|b3|b4
2862,b3|b4
2863,b0|b2|b4
2864,b0|b2|b3
2865,b2
2866,b1|b2|b3|b4
2867,b0
2868,b0|b1|b2|b3|b4
2869,b0|b2|b3|b4
2870,b0|b2|b3
2871,b0|b1
2872,b1
2873,b1|b4
2874,b1|b3|b4
2875,b2
2876,b1|b4
2877,b1
2878,b3
2879,b3
2880,b1
2881,b1
2882,b2|b3
2883,b0|b1|b2|b3|b4
2884,b4
2885,b4
2886,b2
2887,b2|b3|b4
2888,b4
2889,b1|b2|b3|b4
2890,b1|b2|b3|b4
2891,b0|b1|b2|b3|b4
2892,b2
2893,b3|b4
2894,b0|b1|b2|b3|b4
2895,b4
2896,b4
2897,b1|b3|b4
2898,b4
2899,b4
2900,b1|b2|b3|b4
2901,b0|b1|b2|b3|b4
2902,b0|b2|b3
2903,b0|b1|b2|b3|b4
2904,b3|b4
2905,b3
2906,b0|b1|b2|b3
2907,b3|b4
2908,b2|b3|b4
2909,b0
2910,b1
2911,b0|b1|b2|b3|b4
2912,b0|b1|b2|b3|b4
2913,b1|b2|b3|b4
2914,b0|b1|b2|b3|b4
2915,b0|b1|b2|b3|b4
2916,b1|b4
2917,b3|b4
2918,b2|b3|b4
2919,b2
2920,b0|b1|b2|b3|b4
2921,b2|b3
2922,b0|b1|b2|b3|b4
2923,b0|b1|b2|b3|b4
2924,b1|b3|b4
2925,b0|b1
2926,b3|b4
2927,b0|b1|b2
2928,b0|b1|b2|b3|b4
2929,b1|b2|b3|b4
2930,b0|b1|b2|b3|b4
2931,b1
2932,b4
2933,b1|b2|b4
2934,b0|b1|b2|b3|b4
2935,b4
2936,b2
2937,b0|b1|b2
2938,b0|b1|b2|b3
2939,b0|b1|b2|b3|b4
2940,b4
2941,b0|b1|b2
2942,b1|b2|b3|b4
2943,b3|b4
2944,b1|b2|b3|b4
2945,b1|b3
2946,b2|b3|b4
2947,b0|b1|b2|b3|b4
2948,b0|b1|b2|b3|b4
2949,b1|b2|b3|b4
2950,b0
2951,b1|b2|b3|b4
2952,b4
2953,b0|b1|b2|b3|b4
2954,b4
2955,b4
2956,b1|b2|b3|b4
2957,b3
2958,b3
2959,b1|b4
2960,b3|b4
2961,b1|b2|b3|b4
2962,b1|b3|b4
2963,b1|b4
2964,b1|b2|b3|b4
2965,b0|b1|b2|b3|b4
2966,b1|b4
2967,b4
2968,b3|b4
2969,b1|b2|b3|b4
2970,b0|b1|b2|b3|b4
2971,b1|b2|b3|b4
2972,b2|b3|b4
2973,b0|b1|b2|b3|b4
2974,b1|b2|b3|b4
2975,b0|b3
2976,b2|b3
2977,b1|b2|b3|b4
2978,b0|b1|b2|b3|b4
2979,b2
2980,b3|b4
2981,b2|b3|b4
2982,b2|b4
2983,b1
2984,b0|b1|b2|b3|b4
2985,b0|b1|b3
2986,b0|b2
2987,b0|b1|b2|b3|b4
2988,b2|b3|b4
2989,b0|b1|b2|b3|b4
2990,b0|b1|b2|b3|b4
2991,b0|b1|b2|b3|b4
2992,b0|b1|b2|b3|b4
2993,b2|b3|b4
2994,b3
2995,b1
2996,b0|b2|b3|b4
2997,b1|b2|b3|b4
2998,b1
2999,b0|b1|b2
3000,b2|b3|b4
3001,b1|b2|b3|b4
3002,b4
3003,b2|b3|b4
3004,b0|b1|b2|b3|b4
3005,b1|b2|b4
3006,b1|b2|b3|b4
3007,b0|b1|b3|b4
3008,b4
3009,b2
3010,b4
3011,b0
3012,b0|b1|b2|b3|b4
3013,b0
3014,b3|b4
3015,b2|b3|b4
3016,b3
3017,b2|b3|b4
3018,b1
3019,b2|b3|b4
3020,b1|b3|b4
3021,b1|b2|b4
3022,b0|b1
3023,b3
3024,b2
3025,b4
3026,b0|b1
3027,b0
3028,b3
3029,b3|b4
3030,b0|b1|b2|b3|b4
3031,b0|b1|b2|b3|b4
3032,b0|b1|b2|b3|b4
3033,b2|b3|b4
3034,b2|b3|b4
3035,b4
3036,b1|b2|b3|b4
3037,b3
3038,b2|b3|b4
3039,b0|b1|b2|b3|b4
3040,b1|b2|b3|b4
3041,b1|b2
3042,b4
3043,b0|b1|b2|b3|b4
3044,b0|b1|b2|b3|b4
3045,b1|b3|b4
3046,b0|b1|b3
3047,b1|b3
3048,b4
3049,b1|b2|b3|b4
3050,b0|b1|b2|b3|b4
3051,b0
3052,b1|b2|b3|b4
3053,b4
3054,b4
3055,b1|b2|b3|b4
3056,b0|b2|b3
3057,b0|b1|b2|b3|b4
3058,b1|b3
3059,b0|b1|b2|b3
3060,b1|b2|b3|b4
3061,b1|b2
3062,b2|b3|b4
3063,b4
3064,b0|b1|b2|b3|b4
3065,b1|b2|b3|b4
3066,b1|b3|b4
3067,b1
3068,b4
3069,b1|b3
3070,b0|b1|b2|b3|b4
3071,b1|b2|b3
3072,b1|b4
3073,b2|b3|b4
3074,b2|b3|b4
3075,b2|b3|b4
3076,b0|b1|b2|b3|b4
3077,b0|b1|b2|b3
3078,b3
3079,b2
3080,b3|b4
3081,b3|b4
3082,b0|b2|b3
3083,b0|b1|b2|b3|b4
3084,b4
3085,b0
3086,b0|b3|b4
3087,b1|b2
3088,b1|b2|b3|b4
3089,b1|b3|b4
3090,b1|b2|b3|b4
3091,b1|b2|b3|b4
3092,b2|b3
3093,b3
3094,b0|b1|b2|b3|b4
3095,b4
3096,b0|b1|b2|b3|b4
3097,b1|b2|b3|b4
3098,b0|b1|b2|b3|b4
3099,b0|b1|b2|b3|b4
3100,b4
3101,b0|b1|b2|b3|b4
3102,b1|b3|b4
3103,b1|b2|b3|b4
3104,b2|b3|b4
3105,b3|b4
3106,b1|b2|b3|b4
3107,b3|b4
3108,b2|b3|b4
3109,b4
3110,b0|b1|b2|b3|b4
3111,b1|b2|b3
3112,b3|b4
3113,b2|b3|b4
3114,b1|b3
3115,b1|b2|b3|b4
3116,b2|b4
3117,b1|b2|b4
3118,b0|b1|b2
3119,b0|b1|b2|b3|b4
3120,b0|b3
3121,b2|b3|b4
3122,b0|b1|b2|b3|b4
3123,b3
3124,b0|b1|b2|b3|b4
3125,b4
3126,b0|b1|b2|b3|b4
3127,b2|b4
3128,b0
3129,b1|b2|b3|b4
3130,b1|b3
3131,b0|b1|b2|b3|b4
3132,b0
3133,b0|b1|b2|b3|b4
3134,b0|b3
3135,b0|b3
3136,b0|b1|b2|b3|b4
3137,b0|b1|b2|b3|b4
3138,b1|b2
3139,b2
3140,b1|b2
3141,b3
3142,b3
3143,b2|b4
3144,b1|b3
3145,b1|b2|b3|b4
3146,b1|b2|b3|b4
3147,b0|b2|b3|b4
3148,b0|b1|b2|b3|b4
3149,b0|b1|b2|b3|b4
3150,b3
3151,b3|b4
3152,b2|b3|b4
3153,b2|b3
3154,b3|b4
3155,b3|b4
3156,b2|b3|b4
3157,b1|b2|b3|b4
3158,b0|b1|b2|b3|b4
3159,b2|b3|b4
3160,b0|b1|b2|b3|b4
3161,b0|b1|b2|b3|b4
3162,b4
3163,b0|b1|b2|b3|b4
3164,b0|b3
3165,b4
3166,b4
3167,b1|b2|b3|b4
3168,b0|b1|b2|b3|b4
3169,b0|b2|b3|b4
3170,b0|b1|b2|b3|b4
3171,b2|b4
3172,b0|b1|b2|b3|b4
3173,b1|b2|b3|b4
3174,b0|b1|b2|b3|b4
3175,b3|b4
3176,b1|b2|b3|b4
3177,b1|b2|b3|b4
3178,b1|b2|b3|b4
3179,b0|b1|b2|b3|b4
3180,b1|b2|b3|b4
3181,b1|b2|b3|b4
3182,b0|b1|b2|b3|b4
3183,b2|b3|b4
3184,b4
3185,b2|b4
3186,b1|b2
3187,b1|b2|b3|b4
3188,b3|b4
3189,b0|b1|b2|b3|b4
3190,b3
3191,b0|b1|b2|b3|b4
3192,b1|b3|b4
3193,b0|b1
3194,b0|b1|b2|b3|b4
3195,b1|b2
3196,b0
3197,b2|b3|b4
3198,b1|b2|b4
3199,b3|b4
3200,b2|b3|b4
3201,b0|b2|b3
3202,b4
3203,b2|b3|b4
3204,b1|b3|b4
3205,b0
3206,b0|b1|b2|b3|b4
3207,b3|b4
3208,b1|b2|b3|b4
3209,b2|b3|b4
3210,b0|b1|b2|b3|b4
3211,b2|b3|b4
3212,b2
3213,b0|b1|b2
3214,b0|b1|b2|b3|b4
3215,b0
3216,b0
3217,b0|b1|b2|b3|b4
3218,b2
3219,b0|b3
3220,b0|b1
3221,b1|b2|b3|b4
3222,b0|b1|b2|b3|b4
3223,b1|b2|b3|b4
3224,b2|b3
3225,b3
3226,b1|b2|b3|b4
3227,b4
3228,b0|b1|b4
3229,b0|b1|b2|b3
3230,b0|b1|b2|b3
3231,b0|b1|b2|b3|b4
3232,b1|b2
3233,b0|b3
3234,b4
3235,b0|b1|b2|b3|b4
3236,b0
3237,b2|b4
3238,b1|b4
3239,b1|b2|b3
3240,b1|b2|b3
3241,b0|b1|b2|b3|b4
3242,b2|b3|b4
3243,b0
3244,b1
3245,b1|b2|b3|b4
3246,b2
3247,b0|b1|b2|b3
3248,b2|b3|b4
3249,b2|b3|b4
3250,b0|b1|b2|b3|b4
3251,b0|b1|b2|b3|b4
3252,b0|b1|b2|b3|b4
3253,b1|b2|b3
3254,b1|b2|b3|b4
3255,b1
3256,b0|b1|b2|b3|b4
3257,b1|b2|b3|b4
3258,b4
3259,b0
3260,b2|b3|b4
3261,b1|b2|b3|b4
3262,b0|b1|b3
3263,b1|b3
3264,b0|b1
3265,b3|b4
3266,b2|b3
3267,b0|b1|b2|b3|b4
3268,b0
3269,b4
3270,b0|b1|b2|b3|b4
3271,b1|b2|b3|b4
3272,b3
3273,b0
3274,b1
3275,b2
3276,b4
3277,b2|b3|b4
3278,b0
3279,b0|b1|b2|b3|b4
3280,b1|b2|b3|b4
3281,b1
3282,b1|b2|b3|b4
3283,b0|b1|b2|b3
3284,b3|b4
3285,b3
3286,b2|b3|b4
3287,b0|b1|b2|b3|b4
3288,b2|b4
3289,b3|b4
3290,b3
3291,b2|b3|b4
3292,b0|b1
3293,b2|b3
3294,b0|b1|b2|b3|b4
3295,b0|b1|b2|b3|b4
3296,b0|b1|b2|b3|b4
3297,b4
3298,b2
3299,b0|b1|b2
3300,b0|b1|b2|b3
3301,b0|b1|b2|b3|b4
3302,b0|b1|b2|b3|b4
3303,b3
3304,b3
3305,b1|b2|b3
3306,b0|b1|b3|b4
3307,b0|b1|b2|b3|b4
3308,b0|b1|b2|b3|b4
3309,b0|b1|b4
3310,b4
3311,b0|b1|b3
3312,b1|b2
3313,b4
3314,b2|b3
3315,b2|b3|b4
3316,b1|b2|b3|b4
3317,b1
3318,b1|b2|b3|b4
3319,b3|b4
3320,b1|b3|b4
3321,b2|b3|b4
3322,b1|b2|b3|b4
3323,b1|b2|b3|b4
3324,b3
3325,b0|b2|b3|b4
3326,b0|b1|b2|b4
3327,b0|b1|b2|b3|b4
3328,b0|b3
3329,b0|b1|b2|b3|b4
3330,b0|b1|b2|b3|b4
3331,b2|b3|b4
3332,b1|b3|b4
3333,b1|b2|b3|b4
3334,b1|b2|b3|b4
3335,b0|b1|b2|b3|b4
3336,b1|b2|b3|b4
3337,b3|b4
3338,b0|b1|b2|b3|b4
3339,b0|b1|b2|b3|b4
3340,b1|b2|b3|b4
3341,b0|b1|b2|b3|b4
3342,b0|b1|b2|b3|b4
3343,b1|b2|b3|b4
3344,b1|b2|b3
3345,b1|b2
3346,b3
3347,b3
3348,b2|b4
3349,b0
3350,b0|b1|b4
3351,b3|b4
3352,b2
3353,b2|b4
3354,b1|b2|b3|b4
3355,b2|b3|b4
3356,b1|b2|b3|b4
3357,b1|b3|b4
3358,b1|b2|b3|b4
3359,b1|b2|b3|b4
3360,b0|b1|b2|b3|b4
3361,b4
3362,b1|b2|b3
3363,b0|b1|b2|b3|b4
3364,b1|b2|b3
3365,b0|b2
3366,b4
3367,b1
3368,b1|b2|b3|b4
3369,b1|b2|b3|b4
3370,b4
3371,b1|b4
3372,b0|b1|b2|b3|b4
3373,b1|b2|b3
3374,b2|b3|b4
3375,b2
3376,b1|b2|b3|b4
3377,b4
3378,b3|b4
3379,b0|b1|b2|b3|b4
3380,b3|b4
3381,b1|b2|b3|b4
3382,b3|b4
3383,b3|b4
3384,b0|b2
3385,b2
3386,b1|b3
3387,b1|b2|b3|b4
3388,b0
3389,b1
3390,b1|b2|b3|b4
3391,b0|b1|b2
3392,b0|b2|b3
3393,b1|b2|b3|b4
3394,b2
3395,b2|b3|b4
3396,b1|b2
3397,b1|b3
3398,b2|b3|b4
3399,b0
3400,b0
3401,b2|b3
3402,b2|b3|b4
3403,b3|b4
3404,b1|b2|b3|b4
3405,b2
3406,b0|b1
3407,b1|b2|b3|b4
3408,b4
3409,b3|b4
3410,b0|b1|b2|b3|b4
3411,b3|b4
3412,b1|b2|b3|b4
3413,b1|b2|b3
3414,b0|b1|b2|b3|b4
3415,b1|b2|b3|b4
3416,b0|b1|b2|b3|b4
3417,b0|b1|b2|b3|b4
3418,b1|b2
3419,b1|b2|b3|b4
3420,b0|b1|b2|b3|b4
3421,b4
3422,b0|b1|b2|b3
3423,b0|b1|b2|b3|b4
3424,b0
3425,b1|b2|b3|b4
3426,b0|b2|b3|b4
3427,b0|b1|b2|b3|b4
3428,b0|b1
3429,b4
3430,b0|b1|b2|b3|b4
3431,b3|b4
3432,b2|b3|b4
3433,b0|b1|b2|b3|b4
3434,b1|b2|b3|b4
3435,b2|b3|b4
3436,b4
3437,b0|b1|b2|b3|b4
3438,b2|b3|b4
3439,b3
3440,b1|b2|b3|b4
3441,b2|b3|b4
3442,b4
3443,b3
3444,b4
3445,b0|b1|b2|b3|b4
3446,b4
3447,b2
3448,b0|b3|b4
3449,b4
3450,b2|b3
3451,b2|b3
3452,b0|b1|b2|b3|b4
3453,b4
3454,b0|b2|b3|b4
3455,b0|b1|b2|b3|b4
3456,b0|b1|b2|b3|b4
3457,b0|b1|b2|b3|b4
3458,b1|b2|b4
3459,b2|b3|b4
3460,b2
3461,b1|b2|b3|b4
3462,b1
3463,b0|b1|b2|b3|b4
3464,b2|b3|b4
3465,b4
3466,b0|b1|b2|b3|b4
3467,b0|b2|b4
3468,b0|b1|b2
3469,b0|b1|b2|b3|b4
3470,b2
3471,b1|b2|b3|b4
3472,b1|b3|b4
3473,b3|b4
3474,b2|b4
3475,b0|b4
3476,b1|b2|b3|b4
3477,b0|b2
3478,b0|b1|b2|b3|b4
3479,b3|b4
3480,b2|b4
3481,b1|b2|b3|b4
3482,b2
3483,b1
3484,b1|b2|b4
3485,b2|b3
3486,b2
3487,b4
3488,b0|b1|b2|b3|b4
3489,b1|b2|b3|b4
3490,b3|b4
3491,b0|b1|b2
3492,b1|b2|b3|b4
3493,b0|b1|b2|b3|b4
3494,b2
3495,b4
3496,b3
3497,b1
3498,b0|b1|b2|b3|b4
3499,b1|b2|b3|b4
3500,b1|b2|b3|b4
3501,b1
3502,b0|b1|b2
3503,b0
3504,b4
3505,b2
3506,b1|b3|b4
3507,b1|b2|b3
3508,b1|b2|b3|b4
3509,b1|b2|b3|b4
3510,b0
3511,b1|b2|b3|b4
3512,b1|b2
3513,b0|b2|b4
3514,b3|b4
3515,b2|b3|b4
3516,b1|b3|b4
3517,b0|b1|b2|b3|b4
3518,b0|b1|b2|b3
3519,b1|b2|b3|b4
3520,b1|b2|b3|b4
3521,b1|b2|b3|b4
3522,b0|b1|b2|b3|b4
3523,b2
3524,b0|b1
3525,b3|b4
3526,b0|b1|b2|b3|b4
3527,b3|b4
3528,b2|b3|b4
3529,b0|b1
3530,b0|b1|b2|b3|b4
3531,b1
3532,b2|b3
3533,b0|b1|b2|b3|b4
3534,b0|b1
3535,b0|b1|b2|b3|b4
3536,b0|b2|b3
3537,b0|b1
3538,b0|b1|b2|b3|b4
3539,b1|b2|b3|b4
3540,b1|b2|b3
3541,b0|b1|b2|b3|b4
3542,b0|b1|b2|b3|b4
3543,b1|b3|b4
3544,b0|b1|b2|b3
3545,b0|b1|b3|b4
3546,b1|b2|b3|b4
3547,b0|b1|b2|b3|b4
3548,b1|b2|b3|b4
3549,b2
3550,b0|b1|b2|b3|b4
3551,b4
3552,b0|b1|b2|b3|b4
3553,b4
3554,b3|b4
3555,b0|b1|b2|b3|b4
3556,b1|b2|b3|b4
3557,b3|b4
3558,b1|b4
3559,b2|b3|b4
3560,b2|b3|b4
3561,b0|b1|b2|b3|b4
3562,b2
3563,b3|b4
3564,b3|b4
3565,b0|b1|b2|b3|b4
3566,b4
3567,b0|b1|b2|b3|b4
3568,b1|b2|b3|b4
3569,b2
3570,b1|b2|b3|b4
3571,b4
3572,b4
3573,b1
3574,b3|b4
3575,b0|b2|b3
3576,b1
3577,b0|b1|b2|b3|b4
3578,b0|b1|b2|b3|b4
3579,b1
3580,b0|b1|b2|b3|b4
3581,b0|b1|b2|b3|b4
3582,b1|b2|b4
3583,b0|b1|b2|b3|b4
3584,b1|b2|b3|b4
3585,b4
3586,b0|b1|b2|b3|b4
3587,b0|b1
3588,b1|b2
3589,b1|b3|b4
3590,b4
3591,b0|b1|b2|b3|b4
3592,b0|b1|b2
3593,b0|b2|b4
3594,b4
3595,b3|b4
3596,b1|b2|b3|b4
3597,b4
3598,b4
3599,b1|b2|b3|b4
3600,b1|b2|b3|b4
3601,b3
3602,b2|b3|b4
3603,b0|b2|b3|b4
3604,b2|b3|b4
3605,b4
3606,b0|b1|b2|b3
3607,b1
3608,b0|b1|b2|b3|b4
3609,b0|b1|b2|b3|b4
3610,b3
3611,b3
3612,b0|b1|b2|b3|b4
3613,b0|b1|b2|b4
3614,b0|b2|b4
3615,b4
3616,b3|b4
3617,b0|b1|b2
3618,b4
3619,b0|b1|b2|b3|b4
3620,b0|b1|b2|b3|b4
3621,b4
3622,b2|b3|b4
3623,b4
3624,b0|b1|b2|b3|b4
3625,b1|b3|b4
3626,b3|b4
3627,b1|b2
3628,b1|b2|b4
3629,b3|b4
3630,b1|b2|b3
3631,b0|b1|b2|b3|b4
3632,b0|b1|b2|b3|b4
3633,b1|b2|b3|b4
3634,b2|b4
3635,b4
3636,b0|b1|b3
3637,b2|b3|b4
3638,b3
3639,b0|b1|b2|b3
3640,b1|b2|b3|b4
3641,b2|b3|b4
3642,b1|b2|b3
3643,b1|b2|b4
3644,b0|b1
3645,b2
3646,b4
3647,b2|b3
3648,b3
3649,b0|b3
3650,b0|b2|b3
3651,b0|b1|b2|b3|b4
3652,b2|b3|b4
3653,b0|b3
3654,b0|b1|b2|b3|b4
3655,b0
3656,b3|b4
3657,b2|b3
3658,b2|b3
3659,b0|b1|b2|b3|b4
3660,b2|b3|b4
3661,b0|b1|b2|b3|b4
3662,b1
3663,b3
3664,b0|b1|b3
3665,b0|b1|b2|b4
3666,b2|b4
3667,b0|b1|b2|b3|b4
3668,b2|b3
3669,b1|b4
3670,b0|b1|b2|b3|b4
3671,b0
3672,b4
3673,b2|b3|b4
3674,b4
3675,b0
3676,b4
3677,b4
3678,b1|b3|b4
3679,b1|b2|b3|b4
3680,b1|b2|b3|b4
3681,b0|b2|b4
3682,b1
3683,b2
3684,b0|b2|b3
3685,b2|b3
3686,b0|b1|b2|b3|b4
3687,b0|b2|b3|b4
3688,b1
3689,b0
3690,b0|b1|b2|b3|b4
3691,b4
3692,b1|b4
3693,b4
3694,b3|b4
3695,b1|b2|b3|b4
3696,b0|b1|b2|b3
3697,b3
3698,b0|b1
3699,b0|b1|b2|b3|b4
3700,b1|b3|b4
3701,b0
3702,b1|b2|b3|b4
3703,b2
3704,b4
3705,b3
3706,b1|b2|b3|b4
3707,b1|b3|b4
3708,b4
3709,b2|b3|b4
3710,b0|b1|b2|b3
3711,b2|b4
3712,b0|b1|b2|b3|b4
3713,b0
3714,b3|b4
3715,b2|b3|b4
3716,b0|b1|b2|b4
3717,b0|b1|b2|b3|b4
3718,b0|b1|b2|b3|b4
3719,b1|b4
3720,b1|b2|b4
3721,b3|b4
3722,b1|b2|b4
3723,b2|b3|b4
3724,b1|b2|b3|b4
3725,b0|b1|b3|b4
3726,b4
3727,b0|b1|b2|b3
3728,b2
3729,b1|b2|b3|b4
3730,b0|b1|b2|b3|b4
3731,b0|b1|b4
3732,b0|b1|b2|b3|b4
3733,b0|b1|b2|b3|b4
3734,b1|b2|b4
3735,b1|b2|b3|b4
3736,b0|b1|b2|b3|b4
3737,b0|b1|b2|b4
3738,b0|b2|b3
3739,b0|b1
3740,b2
3741,b0
3742,b0|b1|b2|b3|b4
3743,b0|b1|b2|b3|b4
3744,b0|b1|b2|b3|b4
3745,b1|b2|b3|b4
3746,b2
3747,b0|b2|b3
3748,b3
3749,b0|b1|b2|b3|b4
3750,b0|b1|b2|b3|b4
3751,b0|b1|b2|b3|b4
3752,b4
3753,b0|b1|b2|b3|b4
3754,b1|b3
3755,b2|b4
3756,b4
3757,b2|b3|b4
3758,b2|b3|b4
3759,b1|b2|b3|b4
3760,b2|b3|b4
3761,b4
3762,b0|b1|b2|b3|b4
3763,b1|b2|b3
3764,b1|b2|b3|b4
3765,b0|b1|b2|b3|b4
3766,b0|b1|b2|b3|b4
3767,b0|b1|b2|b3|b4
3768,b3|b4
3769,b0|b2|b3|b4
3770,b2|b3|b4
3771,b0|b1|b2|b3|b4
3772,b0|b1|b4
3773,b4
3774,b0|b1|b2|b3|b4
3775,b1|b2|b3|b4
3776,b0|b1|b2|b3|b4
3777,b1|b2|b3|b4
3778,b1|b2|b3|b4
3779,b0
3780,b0|b1|b2|b3|b4
3781,b0|b1|b2|b3|b4
3782,b0|b1|b3|b4
3783,b1|b2|b3|b4
3784,b0|b1|b2|b3|b4
3785,b4
3786,b0|b1|b2|b3|b4
3787,b4
3788,b1|b2|b3
3789,b0|b1|b3|b4
3790,b0
3791,b0|b1|b2|b3|b4
3792,b1|b2|b3|b4
3793,b0|b1|b2|b3|b4
3794,b1|b2|b3|b4
3795,b1|b3|b4
3796,b1|b2|b3|b4
3797,b0|b1|b2|b3|b4
3798,b0|b1|b2|b3|b4
3799,b2|b3|b4
3800,b4
3801,b0|b1|b2|b3|b4
3802,b0|b1|b2|b3|b4
3803,b2
3804,b0|b1|b2|b3|b4
3805,b0|b1|b2|b3|b4
3806,b2|b3|b4
3807,b3
3808,b1|b2|b3|b4
3809,b3
3810,b2
3811,b2|b3|b4
3812,b0|b1|b2|b3|b4
3813,b0|b3
3814,b3
3815,b1|b2
3816,b1|b2|b3|b4
3817,b0|b1|b2|b3|b4
3818,b2|b3|b4
3819,b2
3820,b0|b1|b2|b3|b4
3821,b0|b1|b2|b3|b4
3822,b0|b1|b2|b3|b4
3823,b4
3824,b0|b1|b2|b3|b4
3825,b1|b2|b3|b4
3826,b4
3827,b0|b1|b2
3828,b2|b3|b4
3829,b1|b2|b3|b4
3830,b0
3831,b3|b4
3832,b1|b2|b4
3833,b0|b1|b2|b3|b4
3834,b1|b2|b3|b4
3835,b1|b3|b4
3836,b2|b3|b4
3837,b1|b2|b3|b4
3838,b3|b4
3839,b0|b2
3840,b2|b3
3841,b1|b2|b4
3842,b0|b1|b2|b3|b4
3843,b0|b1|b2|b3|b4
3844,b0|b1|b2|b3|b4
3845,b0|b1|b2|b3|b4
3846,b1|b3|b4
3847,b0|b1|b2|b3|b4
3848,b1|b2
3849,b1|b2|b3|b4
3850,b4
3851,b3|b4
3852,b1|b2|b3|b4
3853,b1|b3
3854,b0|b1|b2|b3|b4
3855,b0|b1|b2|b3|b4
3856,b3
3857,b1|b2
3858,b0|b1|b2|b3|b4
3859,b2|b3|b4
3860,b1|b2|b4
3861,b3
3862,b2|b4
3863,b1|b2|b3
3864,b3|b4
3865,b2|b3
3866,b1|b2|b3
3867,b3|b4
3868,b0|b1|b4
3869,b2|b3|b4
3870,b4
3871,b2|b3|b4
3872,b1|b3|b4
3873,b1|b2|b4
3874,b1|b2|b3|b4
3875,b4
3876,b0|b1|b2|b3|b4
3877,b0|b1|b2|b3|b4
3878,b0|b1|b2|b3|b4
3879,b4
3880,b2|b3|b4
3881,b0|b1|b2|b3|b4
3882,b0|b1|b2|b3|b4
3883,b0|b1|b2|b3|b4
3884,b1|b2|b3|b4
3885,b1|b2|b3|b4
3886,b0|b1|b4
3887,b0
3888,b4
3889,b0|b1|b4
3890,b1|b2|b3|b4
3891,b1|b3|b4
3892,b3
3893,b0|b1|b2|b3|b4
3894,b0|b1|b4
3895,b4
3896,b2|b3|b4
3897,b0|b1|b2|b4
3898,b1|b2|b3|b4
3899,b1|b4
3900,b0|b1|b2|b3|b4
3901,b4
3902,b1|b2|b3
3903,b1
3904,b1|b2|b3|b4
3905,b1|b2
3906,b3|b4
3907,b4
3908,b0|b1|b2|b3|b4
3909,b1|b2|b3|b4
3910,b0|b1|b2|b3|b4
3911,b2|b3|b4
3912,b0|b1|b3
3913,b1|b2|b3|b4
3914,b0|b1|b2|b3|b4
3915,b1
3916,b0|b1|b2|b3|b4
3917,b1|b4
3918,b0|b1|b2|b3|b4
3919,b1|b3|b4
3920,b2|b4
3921,b0|b2|b3|b4
3922,b1
3923,b0|b1|b2|b3|b4
3924,b0|b1
3925,b2|b3|b4
3926,b2|b3|b4
3927,b1|b2|b3|b4
3928,b0|b1|b2|b3|b4
3929,b0|b1|b2|b3|b4
3930,b3|b4
3931,b4
3932,b2|b3
3933,b0|b1|b2|b3|b4
3934,b2
3935,b2
3936,b1|b2|b3
3937,b1|b2|b3|b4
3938,b1|b2
3939,b0|b1|b2|b3|b4
3940,b2|b3|b4
3941,b0
3942,b1|b2|b3|b4
3943,b0|b1
3944,b4
3945,b1|b2|b3|b4
3946,b3|b4
3947,b0|b3|b4
3948,b2|b3|b4
3949,b2|b3|b4
3950,b2|b3|b4
3951,b1|b2|b3|b4
3952,b2|b4
3953,b0|b1|b2|b3|b4
3954,b3|b4
3955,b0|b1|b2|b3|b4
3956,b0|b1|b2|b3|b4
3957,b3|b4
3958,b0|b1|b2|b3|b4
3959,b0|b1|b2|b3|b4
3960,b1|b2|b3|b4
3961,b3|b4
3962,b2|b4
3963,b2|b3|b4
3964,b1|b2|b3|b4
3965,b1|b2|b3|b4
3966,b1|b4
3967,b1|b2
3968,b0|b1|b2|b3|b4
3969,b1|b2
3970,b3
3971,b2|b3|b4
3972,b0|b1|b2|b3|b4
3973,b2|b3
3974,b2|b3|b4
3975,b2|b3
3976,b1
3977,b0|b1|b2|b3|b4
3978,b0|b1|b2|b3|b4
3979,b0|b1|b2|b3|b4
3980,b3
3981,b1|b2|b3|b4
3982,b2|b3|b4
3983,b1|b2
3984,b1|b2|b3|b4
3985,b0|b1
3986,b0|b1|b2
3987,b0|b1|b2|b3|b4
3988,b3|b4
3989,b3
3990,b1|b2|b3|b4
3991,b3
3992,b0|b1|b2|b3|b4
3993,b2|b3|b4
3994,b4
3995,b0|b1
3996,b0|b4
3997,b0|b1|b2|b3|b4
3998,b3
3999,b1|b2|b3|b4
4000,b3
4001,b1|b2|b3|b4
4002,b3
4003,b0|b1|b2|b3|b4
4004,b0|b1|b2|b3|b4
4005,b3
4006,b0|b1|b2|b3|b4
4007,b0|b1|b2|b3|b4
4008,b0
4009,b1|b2|b3|b4
4010,b0|b1|b2|b3|b4
4011,b1
4012,b2|b3
4013,b0|b2|b3
4014,b0|b1|b2|b3|b4
4015,b0|b2
4016,b2|b3|b4
4017,b1|b2|b3|b4
4018,b0|b2|b3
4019,b0|b3|b4
4020,b1|b3|b4
4021,b0|b1|b2|b3|b4
4022,b1|b2|b3|b4
4023,b2|b3|b4
4024,b1|b2|b3|b4
4025,b2|b3|b4
4026,b1|b2|b3|b4
4027,b0|b1|b2|b3|b4
4028,b2|b4
4029,b1
4030,b0|b1|b2|b3|b4
4031,b4
4032,b3
4033,b0|b1|b2|b3|b4
4034,b4
4035,b0|b1|b2|b3|b4
4036,b2|b3|b4
4037,b4
4038,b3|b4
4039,b1|b2|b3
4040,b2|b3
4041,b4
4042,b4
4043,b0|b1|b2|b3|b4
4044,b1
4045,b2|b3|b4
4046,b0|b1|b2|b3|b4
4047,b0|b1|b2|b3|b4
4048,b0|b1|b2|b3|b4
4049,b0|b1|b2|b3|b4
4050,b4
4051,b4
4052,b2|b3|b4
4053,b1
4054,b1|b2|b3|b4
4055,b0|b1|b2|b3|b4
4056,b0
4057,b0|b1|b2|b3|b4
4058,b2
4059,b1|b2|b3|b4
4060,b1|b2|b3|b4
4061,b0|b1|b2|b3|b4
4062,b0
4063,b2|b3|b4
4064,b0|b1|b2|b3|b4
4065,b3|b4
4066,b0|b1|b2|b3|b4
4067,b4
4068,b0
4069,b1|b2|b3
4070,b3|b4
4071,b0|b1|b2|b3|b4
4072,b0|b1|b2|b3
4073,b0|b3|b4
4074,b0
4075,b1|b2|b3|b4
4076,b1|b2|b3|b4
4077,b3
4078,b1|b2|b3|b4
4079,b1|b2|b3
4080,b2|b3
4081,b2|b3|b4
4082,b1|b2|b3
4083,b3|b4
4084,b0|b1|b2|b3|b4
4085,b0|b1|b2|b3|b4
4086,b3|b4
4087,b0|b2|b3
4088,b1|b2|b3|b4
4089,b2|b4
4090,b1|b2|b3|b4
4091,b0|b1|b2|b3|b4
4092,b0|b1|b2|b3|b4
4093,b2|b4
4094,b3
4095,b2|b3
4096,b1|b2|b3|b4
4097,b0|b1|b2|b3|b4
4098,b1|b2|b3|b4
4099,b2|b3|b4
4100,b0|b1|b3|b4
4101,b4
4102,b1|b2|b3|b4
4103,b1|b2|b3|b4
4104,b1
4105,b2|b3|b4
4106,b2|b3|b4
4107,b2|b3|b4
4108,b0|b1|b2
4109,b2
4110,b3
4111,b1|b2|b3|b4
4112,b1|b2|b3|b4
4113,b4
4114,b3|b4
4115,b1|b2|b3
4116,b1|b2|b4
4117,b1|b2|b3|b4
4118,b0|b1|b2|b3|b4
4119,b1|b2
4120,b0|b1|b2|b3|b4
4121,b2|b3|b4
4122,b2|b3|b4
4123,b3|b4
4124,b1|b2|b4
4125,b4
4126,b1
4127,b4
4128,b0
4129,b2|b3|b4
4130,b2|b3|b4
4131,b0|b1|b2|b3|b4
4132,b4
4133,b3|b4
4134,b2|b3|b4
4135,b0|b1|b2|b3|b4
4136,b2|b3|b4
4137,b2|b4
4138,b4
4139,b1|b2|b3|b4
4140,b3|b4
4141,b2|b3|b4
4142,b0|b1|b2|b3|b4
4143,b0|b1|b2|b3|b4
4144,b2|b4
4145,b1|b2|b4
4146,b1|b2|b3|b4
4147,b1|b4
4148,b0|b1|b2
4149,b4
4150,b4
4151,b0|b1|b2|b3|b4
4152,b2|b3|b4
4153,b0|b1|b2|b3|b4
4154,b1|b2|b3|b4
4155,b3|b4
4156,b1|b3
4157,b1|b2|b3|b4
4158,b0|b1|b2|b3|b4
4159,b0|b1|b2|b3|b4
4160,b0|b1|b2|b3|b4
4161,b2|b3|b4
4162,b1|b2|b3
4163,b2|b4
4164,b3|b4
4165,b0|b1|b2|b3|b4
4166,b0|b1|b2|b3|b4
4167,b1|b3|b4
4168,b0|b1|b2|b3|b4
4169,b0|b3
4170,b2|b3|b4
4171,b4
4172,b0|b1|b2|b3|b4
4173,b2|b3|b4
4174,b0|b1|b2
4175,b1|b2|b3
4176,b2
4177,b2
4178,b0|b1|b2|b3|b4
4179,b1|b2|b3|b4
4180,b1|b2|b3
4181,b2|b4
4182,b2
4183,b4
4184,b3|b4
4185,b0|b1|b3
4186,b2|b3
4187,b0|b1|b2|b3|b4
4188,b0|b1|b3
4189,b1|b2|b3|b4
4190,b0|b1|b2|b3|b4
4191,b3|b4
4192,b4
4193,b3|b4
4194,b1|b2|b3|b4
4195,b0|b3|b4
4196,b0|b1|b2|b3|b4
4197,b0|b1|b2|b3|b4
4198,b0|b1|b2|b3|b4
4199,b1|b3|b4
4200,b3|b4
4201,b3|b4
4202,b0|b3|b4
4203,b0|b1|b2|b3|b4
4204,b2|b3|b4
4205,b3|b4
4206,b2|b3|b4
4207,b1|b2|b3|b4
4208,b0|b1|b2|b3|b4
4209,b2
4210,b0|b1|b2|b4
4211,b4
4212,b3|b4
4213,b3|b4
4214,b0|b1|b2|b4
4215,b2|b3|b4
4216,b0|b1|b2|b3|b4
4217,b0|b1
4218,b1|b2|b4
4219,b3
4220,b1|b2|b3|b4
4221,b0|b1|b2|b3|b4
4222,b0|b1|b2|b3|b4
4223,b3|b4
4224,b4
4225,b1|b2|b3
4226,b4
4227,b0
4228,b1|b2|b3|b4
4229,b2|b3
4230,b1|b2|b3|b4
4231,b1|b2|b4
4232,b3|b4
4233,b3
4234,b2|b3|b4
4235,b1|b3|b4
4236,b4
4237,b0|b1|b2|b3|b4
4238,b2|b3|b4
4239,b0
4240,b0|b1|b2|b3|b4
4241,b4
4242,b0|b1|b2|b3|b4
4243,b4
4244,b0|b1|b2|b3|b4
4245,b0|b1|b2|b3|b4
4246,b4
4247,b0|b1|b2|b3|b4
4248,b0|b2|b3|b4
4249,b2|b3
4250,b1|b2
4251,b1|b2|b3|b4
4252,b2|b3|b4
4253,b2|b3|b4
4254,b0|b3
4255,b1
4256,b2|b3|b4
4257,b0|b1|b2|b3|b4
4258,b0|b1|b2|b3|b4
4259,b0|b1|b2|b3|b4
4260,b0|b1|b2|b3|b4
4261,b1
4262,b0|b1|b2|b3|b4
4263,b1|b2|b3
4264,b2|b3|b4
4265,b1|b2|b3|b4
4266,b0|b1|b2|b3|b4
4267,b1|b2|b3|b4
4268,b2|b3
4269,b1|b2|b3|b4
4270,b0
4271,b2|b3|b4
4272,b0|b1|b2|b3|b4
4273,b0|b1|b2|b3|b4
4274,b4
4275,b1|b3|b4
4276,b0|b1|b2|b3|b4
4277,b0|b1|b2|b3|b4
4278,b0|b1|b2|b3|b4
4279,b0|b1|b2|b3|b4
4280,b2|b4
4281,b2|b3|b4
4282,b0|b1|b2|b3|b4
4283,b1|b2
4284,b0|b1|b2|b3|b4
4285,b4
4286,b1|b4
4287,b0|b2
4288,b0|b1|b2|b3
4289,b3
4290,b0|b1|b2|b3|b4
4291,b0|b1|b2|b3|b4
4292,b0|b1|b3|b4
4293,b0|b1|b2|b3|b4
4294,b0|b4
4295,b1|b2|b3|b4
4296,b2
4297,b2
4298,b3|b4
4299,b1
4300,b2|b3|b4
4301,b2|b3|b4
4302,b1|b3|b4
4303,b1|b3|b4
4304,b1
4305,b2
4306,b0
4307,b0|b2|b3
4308,b1|b2|b3|b4
4309,b0|b1|b2|b3|b4
4310,b1
4311,b2|b3|b4
4312,b0|b1|b2|b3
4313,b0|b1|b2|b3|b4
4314,b2|b3|b4
4315,b1|b3
4316,b0|b1|b2|b3
4317,b1|b2|b3|b4
4318,b3|b4
4319,b4
4320,b2|b3|b4
4321,b4
4322,b4
4323,b1|b2|b3
4324,b0|b1|b2|b3|b4
4325,b0|b1
4326,b0|b1|b2|b3|b4
4327,b3
4328,b0|b1|b2|b3|b4
4329,b2|b3|b4
4330,b1|b2|b3|b4
4331,b1|b2|b3
4332,b4
4333,b0|b1|b2|b3|b4
4334,b1|b2|b4
4335,b3
4336,b1
4337,b0
4338,b2|b3|b4
4339,b3
4340,b2|b4
4341,b1|b2|b3|b4
4342,b0|b1|b2|b3|b4
4343,b0|b1|b2|b3|b4
4344,b1|b3|b4
4345,b0|b1
4346,b2|b3|b4
4347,b0|b1|b2|b3|b4
4348,b0|b2
4349,b1|b2|b3|b4
4350,b1|b2|b3|b4
4351,b2|b3|b4
4352,b3|b4
4353,b1|b3|b4
4354,b2
4355,b2|b4
4356,b0|b1|b2|b3
4357,b4
4358,b0|b1|b2|b3|b4
4359,b0|b1|b2|b3|b4
4360,b0|b1|b2|b3|b4
4361,b0|b1|b2|b3|b4
4362,b0|b1|b2
4363,b0|b1|b2|b3|b4
4364,b0|b1
4365,b0
4366,b4
4367,b0|b1|b2|b3|b4
4368,b2|b3
4369,b3
4370,b0|b1|b2|b3|b4
4371,b2|b3
4372,b2|b3|b4
4373,b1|b3|b4
4374,b1|b2|b4
4375,b0|b1|b2|b4
4376,b2|b4
4377,b1|b4
4378,b1|b3|b4
4379,b1|b2
4380,b1|b2|b3|b4
4381,b2|b3|b4
4382,b2|b4
4383,b0|b1|b2|b3|b4
4384,b0|b1|b2|b3|b4
4385,b0|b1|b2|b3|b4
4386,b4
4387,b0|b1|b3|b4
4388,b0|b1|b2|b3|b4
4389,b0|b1|b2|b3|b4
4390,b1|b2|b3|b4
4391,b2
4392,b2|b4
4393,b0|b1|b2|b3|b4
4394,b2|b3|b4
4395,b3|b4
4396,b1|b2|b3|b4
4397,b3
4398,b1|b2|b3|b4
4399,b3
4400,b4
4401,b0|b1|b2|b3|b4
4402,b1|b2|b3|b4
4403,b0|b2|b3|b4
4404,b4
4405,b2
4406,b1|b3|b4
4407,b4
4408,b0|b1|b2|b3|b4
4409,b0|b1|b2|b3|b4
4410,b0|b1|b2|b3|b4
4411,b0|b1|b2|b3|b4
4412,b3|b4
4413,b1|b2
4414,b1|b2|b3|b4
4415,b2|b3
4416,b2|b3|b4
4417,b2|b3|b4
4418,b0|b1|b2|b3
4419,b0|b1|b2|b3|b4
4420,b0|b1|b2|b3|b4
4421,b2|b3|b4
4422,b1
4423,b1|b2|b3|b4
4424,b1|b2|b3|b4
4425,b0|b2|b3|b4
4426,b0|b1|b2|b3|b4
4427,b0|b2|b3|b4
4428,b1|b4
4429,b1|b2|b3|b4
4430,b1|b4
4431,b0|b1|b2|b4
4432,b0|b1|b2|b3
4433,b0|b1|b2|b3|b4
4434,b0|b1|b2|b3|b4
4435,b2|b4
4436,b1|b2|b3|b4
4437,b4
4438,b3|b4
4439,b0|b2|b4
4440,b2|b3|b4
4441,b4
4442,b1|b3|b4
4443,b0|b1|b2
4444,b0|b1|b2|b3|b4
4445,b0|b1|b2|b3|b4
4446,b4
4447,b1|b2|b3|b4
4448,b1
4449,b3|b4
4450,b2
4451,b3
4452,b2
4453,b1|b2|b3|b4
4454,b1|b3|b4
4455,b1|b2|b3|b4
4456,b0|b1|b2|b3|b4
4457,b1|b2|b3
4458,b3
4459,b1|b2|b3|b4
4460,b1
4461,b0|b1|b2|b3|b4
4462,b2
4463,b0|b1|b2|b3|b4
4464,b1|b3
4465,b0|b1|b2|b4
4466,b1|b2|b3|b4
4467,b0|b1|b2|b3|b4
4468,b0|b1|b2|b3|b4
4469,b3
4470,b0
4471,b0|b1|b2|b3|b4
4472,b0|b1|b2|b3|b4
4473,b0|b1|b2|b3|b4
4474,b2
4475,b1
4476,b2|b3|b4
4477,b2
4478,b2|b3|b4
4479,b1|b2|b3|b4
4480,b1|b2|b3|b4
4481,b1|b3|b4
4482,b0|b1|b2|b3|b4
4483,b1|b2|b3|b4
4484,b1|b2|b3|b4
4485,b1|b2|b3|b4
4486,b3|b4
4487,b0|b1|b2|b3|b4
4488,b1|b2|b3|b4
4489,b3
4490,b1|b2|b3|b4
4491,b4
4492,b3|b4
4493,b2
4494,b1|b2|b3|b4
4495,b1|b2|b3|b4
4496,b4
4497,b1|b2|b3|b4
4498,b1|b2|b4
4499,b2|b4
4500,b0|b2|b3|b4
4501,b0|b1|b2|b3|b4
4502,b3|b4
4503,b1|b3
4504,b0|b1|b4
4505,b2
4506,b0|b3|b4
4507,b2|b3|b4
4508,b1|b2|b3|b4
4509,b2|b3|b4
4510,b1|b2|b3|b4
4511,b0
4512,b1|b2|b4
4513,b1|b2|b3|b4
4514,b4
4515,b2|b3|b4
4516,b4
4517,b1|b2|b3|b4
4518,b2|b3
4519,b0|b3|b4
4520,b1|b2|b3|b4
4521,b4
4522,b1|b2|b4
4523,b1|b2|b3|b4
4524,b1
4525,b4
4526,b1|b3|b4
4527,b1|b2|b3|b4
4528,b2|b3|b4
4529,b0|b1|b2|b3|b4
4530,b3
4531,b1|b3
4532,b0|b1|b2|b3|b4
4533,b1|b2|b3|b4
4534,b0|b1
4535,b2
4536,b2|b3|b4
4537,b3|b4
4538,b0|b1|b2|b3|b4
4539,b2|b3|b4
4540,b1|b3
4541,b1|b2|b3|b4
4542,b4
4543,b0
4544,b0|b1|b3|b4
4545,b0
4546,b1|b2|b3
4547,b1|b3
4548,b2|b3|b4
4549,b1|b2|b3|b4
4550,b0|b1|b2|b3|b4
4551,b0|b1|b2|b3|b4
4552,b0|b1|b2|b3|b4
4553,b0|b1
4554,b2|b3|b4
4555,b1|b2
4556,b0|b1|b2|b3|b4
4557,b0|b1|b2|b3|b4
4558,b0
4559,b0|b1|b2|b3|b4
4560,b1|b2|b3
4561,b2|b3
4562,b2
4563,b2|b3|b4
4564,b2
4565,b0|b1|b3|b4
4566,b2|b3
4567,b1|b3|b4
4568,b0|b1|b2|b3|b4
4569,b0|b1
4570,b0|b1|b2|b4
4571,b0
4572,b2|b4
4573,b1|b3
4574,b1|b2|b3
4575,b4
4576,b2
4577,b0|b1|b3|b4
4578,b1
4579,b0|b1|b2|b3|b4
4580,b3|b4
4581,b3|b4
4582,b2
4583,b3|b4
4584,b1|b3|b4
4585,b1|b2|b3|b4
4586,b2|b3|b4
4587,b2
4588,b3|b4
4589,b1|b2|b3|b4
4590,b0|b1|b2|b3
4591,b4
4592,b2|b4
4593,b1
4594,b4
4595,b0|b1|b2|b3|b4
4596,b0|b1|b2|b3|b4
4597,b3|b4
4598,b2|b3|b4
4599,b0|b1|b2|b3|b4
4600,b0|b1|b2|b3|b4
4601,b1|b2|b3|b4
4602,b1|b2|b3|b4
4603,b2|b4
4604,b1|b2|b3|b4
4605,b2|b3|b4
4606,b1
4607,b2|b3|b4
4608,b1|b2|b3|b4
4609,b3|b4
4610,b4
4611,b4
4612,b2
4613,b1|b2|b3|b4
4614,b2|b3
4615,b2
4616,b0|b1|b2|b3|b4
4617,b3|b4
4618,b0|b1|b2|b3|b4
4619,b4
4620,b4
4621,b1|b2|b3
4622,b1|b3|b4
4623,b3
4624,b1|b2|b3|b4
4625,b1|b2|b3|b4
4626,b0|b4
4627,b0
4628,b0|b1|b2|b3|b4
4629,b0|b1|b2|b3|b4
4630,b2|b3|b4
4631,b1|b2|b3|b4
4632,b3
4633,b0|b2
4634,b2
4635,b1|b4
4636,b1|b2|b4
4637,b0|b1|b2|b3|b4
4638,b1|b2|b3|b4
4639,b0|b1|b2|b3|b4
4640,b0|b1|b2|b3|b4
4641,b0|b1|b2|b3|b4
4642,b0|b1|b2|b3|b4
4643,b3
4644,b2|b4
4645,b1|b2|b3|b4
4646,b0|b1|b2|b3|b4
4647,b1|b4
4648,b1
4649,b4
4650,b2|b3|b4
4651,b0|b1|b2
4652,b1
4653,b1|b2|b3
4654,b2|b3|b4
4655,b0|b1|b2|b3|b4
4656,b3|b4
4657,b0|b1|b2|b3|b4
4658,b2|b3
4659,b3
4660,b4
4661,b0|b1|b2|b3|b4
4662,b1|b3
4663,b3
4664,b0|b1|b2|b3|b4
4665,b4
4666,b3
4667,b0|b1
4668,b0|b1|b2|b3|b4
4669,b1
4670,b3|b4
4671,b2|b3|b4
4672,b1|b2
4673,b0|b2|b3|b4
4674,b0|b1|b2|b3|b4
4675,b0|b1|b2|b3
4676,b1|b2|b3
4677,b4
4678,b1|b3|b4
4679,b0|b1|b2|b3|b4
4680,b1|b2|b4
4681,b4
4682,b0|b1|b2|b3|b4
4683,b1|b2|b3|b4
4684,b3|b4
4685,b4
4686,b1|b2
4687,b0|b1|b2|b3|b4
4688,b1|b3
4689,b0|b1
4690,b1|b2|b3
4691,b3|b4
4692,b2
4693,b1|b3
4694,b2|b3
4695,b1
4696,b0|b1|b2
4697,b0|b1|b2|b3
4698,b0|b1|b2|b4
4699,b1|b2|b3|b4
4700,b2|b3|b4
4701,b2|b3|b4
4702,b4
4703,b1|b2|b3|b4
4704,b0|b1|b2|b3|b4
4705,b4
4706,b0|b3
4707,b0|b1|b2|b3|b4
4708,b2|b3|b4
4709,b1|b2|b3|b4
4710,b1|b2|b3
4711,b3|b4
4712,b1|b2
4713,b4
4714,b1|b3|b4
4715,b1|b2|b3
4716,b2|b3|b4
4717,b0|b1|b2|b3|b4
4718,b1|b4
4719,b0|b1|b2
4720,b1|b2|b3|b4
4721,b2|b3
4722,b0|b1|b2|b3|b4
4723,b1|b3|b4
4724,b4
4725,b0|b1|b2|b3|b4
4726,b3|b4
4727,b1|b2|b3|b4
4728,b0|b3
4729,b2|b3|b4
4730,b2|b4
4731,b3
4732,b3
4733,b0|b1|b2|b3|b4
4734,b4
4735,b0|b2|b4
4736,b1|b3|b4
4737,b0|b1|b2
4738,b1|b2|b3|b4
4739,b1|b2|b3|b4
4740,b0|b1|b4
4741,b4
4742,b1|b2|b3|b4
4743,b1|b2
4744,b0
4745,b1
4746,b1|b2|b3
4747,b0|b1|b2|b3|b4
4748,b1|b2|b3|b4
4749,b0|b1|b2|b3|b4
4750,b4
4751,b1|b2|b3|b4
4752,b1|b3
4753,b0|b1
4754,b0|b1|b2|b3|b4
4755,b0|b1|b3
4756,b0|b1|b2|b3|b4
4757,b0|b1|b4
4758,b1|b3|b4
4759,b1|b2|b3
4760,b3
4761,b0|b1|b2|b3|b4
4762,b2|b3|b4
4763,b1|b2|b3|b4
4764,b0|b2|b3|b4
4765,b3
4766,b2
4767,b2|b3|b4
4768,b2|b3|b4
4769,b3|b4
4770,b0|b1|b2|b3|b4
4771,b0|b4
4772,b3
4773,b4
4774,b1|b2|b3|b4
4775,b0|b1|b3|b4
4776,b4
4777,b0|b1|b2|b3|b4
4778,b3
4779,b0
4780,b0|b2|b3
4781,b2|b3
4782,b0|b1|b2|b3
4783,b1
4784,b3|b4
4785,b0|b1
4786,b0|b1|b2|b3|b4
4787,b1
4788,b4
4789,b0|b2|b3|b4
4790,b3|b4
4791,b2|b3|b4
4792,b2
4793,b1|b2|b4
4794,b0|b1|b2|b3|b4
4795,b1|b2|b3|b4
4796,b3|b4
4797,b2|b3|b4
4798,b0|b1|b2
4799,b2|b3|b4
4800,b0|b1|b3|b4
4801,b3
4802,b3|b4
4803,b3
4804,b2|b3|b4
4805,b1|b2|b3|b4
4806,b0|b2|b4
4807,b0|b1|b2|b3|b4
4808,b0|b1|b2|b3|b4
4809,b4
4810,b3|b4
4811,b0|b1|b2|b3|b4
4812,b0|b1|b2|b3|b4
4813,b0|b1|b2|b3|b4
4814,b2
4815,b0|b1|b2|b3|b4
4816,b2|b3|b4
4817,b3
4818,b0|b1|b2|b3|b4
4819,b0|b1|b2|b3|b4
4820,b1|b2|b3|b4
4821,b0|b1|b2|b3|b4
4822,b4
4823,b0|b1|b2|b3|b4
4824,b0|b3
4825,b1|b2|b3|b4
4826,b4
4827,b1|b2|b3|b4
4828,b0
4829,b1|b2|b3|b4
4830,b2|b3|b4
4831,b3
4832,b2|b4
4833,b1
4834,b4
4835,b0|b1|b2|b3
4836,b3|b4
4837,b2|b4
4838,b0|b2|b3|b4
4839,b2|b4
4840,b2
4841,b1|b3|b4
4842,b0|b2|b3|b4
4843,b4
4844,b0|b1|b3|b4
4845,b0|b1|b2|b3|b4
4846,b2
4847,b2|b3|b4
4848,b0|b1|b2|b3|b4
4849,b0|b1|b2|b3|b4
4850,b1|b2
4851,b3
4852,b1|b2|b3|b4
4853,b0|b1|b2|b3|b4
4854,b0|b1|b2|b3|b4
4855,b1|b2|b3|b4
4856,b0|b1|b2|b3|b4
4857,b2|b3|b4
4858,b1|b2|b3
4859,b2|b3|b4
4860,b0|b1|b2|b3|b4
4861,b1|b2|b4
4862,b3
4863,b2
4864,b0|b1|b4
4865,b0|b1|b2|b3|b4
4866,b0|b1
4867,b0|b1
4868,b4
4869,b2|b3|b4
4870,b0|b1|b2|b3|b4
4871,b1|b2|b3|b4
4872,b1
4873,b3|b4
4874,b2|b3|b4
4875,b0|b1|b3|b4
4876,b4
4877,b2
4878,b1|b2|b4
4879,b1|b2|b3|b4
4880,b2|b3|b4
4881,b2
4882,b3|b4
4883,b0
4884,b4
4885,b1|b2|b3|b4
4886,b0|b1|b2|b3|b4
4887,b0|b1|b2|b3|b4
4888,b0|b2|b4
4889,b1|b3|b4
4890,b3|b4
4891,b0|b1|b2|b3|b4
4892,b1
4893,b0
4894,b2|b3|b4
4895,b3|b4
4896,b3|b4
4897,b4
4898,b0|b1|b2|b3|b4
4899,b2
4900,b2|b3|b4
4901,b0|b1|b2|b3|b4
4902,b3
4903,b0|b1|b2|b3|b4
4904,b0|b1|b2|b3|b4
4905,b1|b4
4906,b0
4907,b2|b4
4908,b1|b2|b3|b4
4909,b2
4910,b2|b3|b4
4911,b0|b1|b2|b3
4912,b2|b3|b4
4913,b1|b2|b3|b4
4914,b3|b4
4915,b0|b1|b2|b3|b4
4916,b0|b1|b2|b3|b4
4917,b2|b3
4918,b4
4919,b0|b1|b2|b3|b4
4920,b3|b4
4921,b2|b3|b4
4922,b1|b2|b3|b4
4923,b2
4924,b4
4925,b2|b4
4926,b1|b2|b4
4927,b4
4928,b4
4929,b0|b1|b2|b3|b4
4930,b0|b1|b2|b3|b4
4931,b1|b3
4932,b0|b1|b2|b3|b4
4933,b1|b2|b3|b4
4934,b3
4935,b0|b1|b2|b3|b4
4936,b4
4937,b1|b3|b4
4938,b2
4939,b0|b1
4940,b3
4941,b1|b2|b3
4942,b2|b4
4943,b4
4944,b0|b1|b2|b3|b4
4945,b2|b3|b4
4946,b0|b1|b2|b3|b4
4947,b0|b1|b2|b3|b4
4948,b1|b2|b3|b4
4949,b1|b2
4950,b1|b2|b3
4951,b3
4952,b4
4953,b4
4954,b0|b1|b2|b3|b4
4955,b0|b1
4956,b2
4957,b4
4958,b3
4959,b4
4960,b2|b3
4961,b2|b3|b4
4962,b1|b2|b3|b4
4963,b3
4964,b1|b4
4965,b4
4966,b4
4967,b0|b3
4968,b1|b2|b3|b4
4969,b0|b1|b2|b3|b4
4970,b2
4971,b0|b3|b4
4972,b0|b1|b2|b3|b4
4973,b0|b1
4974,b0|b1|b2|b3|b4
4975,b2|b3|b4
4976,b1|b2
4977,b0|b1|b2|b3|b4
4978,b0|b1|b2|b3|b4
4979,b0|b2|b4
4980,b1|b2|b3|b4
4981,b0|b1|b2|b3|b4
4982,b3|b4
4983,b0|b2|b3|b4
4984,b0|b1|b2|b3|b4
4985,b0|b1|b2|b4
4986,b0|b1|b2|b3|b4
4987,b2|b3|b4
4988,b1|b2|b3
4989,b1|b2|b3|b4
4990,b1|b2|b3|b4
4991,b0|b1|b2|b3|b4
4992,b1|b2
4993,b0|b4
4994,b1|b2|b4
4995,b1|b2|b3|b4
4996,b0|b1|b2|b3|b4
4997,b1|b2|b3|b4
4998,b1|b2
4999,b3
5000,b3
5001,b3|b4
5002,b0|b1|b2|b3|b4
5003,b3|b4
5004,b2
5005,b3|b4
5006,b4
5007,b2
5008,b2|b3
5009,b1|b3|b4
5010,b0|b1|b2|b3|b4
5011,b0|b1
5012,b1|b3
5013,b0|b1|b3|b4
5014,b0|b1|b2|b3|b4
5015,b1|b2|b3|b4
5016,b1|b2|b3|b4
5017,b0|b1|b2|b3|b4
5018,b0|b1|b2|b3|b4
5019,b0|b2|b3
5020,b1
5021,b3
5022,b4
5023,b2|b3|b4
5024,b0|b1|b2|b3|b4
5025,b0|b1|b2|b3|b4
5026,b1|b2|b3|b4
5027,b0|b1|b3|b4
5028,b4
5029,b0|b1|b2|b3|b4
5030,b2|b3
5031,b0|b1|b2|b3|b4
5032,b4
5033,b2|b3
5034,b1|b2|b4
5035,b1
5036,b1
5037,b3
5038,b1|b2|b3|b4
5039,b0|b2|b4
5040,b3|b4
5041,b2|b3|b4
5042,b2|b3
5043,b0
5044,b2|b3|b4
5045,b0|b1|b2|b3|b4
5046,b1|b2
5047,b2|b3|b4
5048,b1|b2|b3|b4
5049,b0|b1|b2|b3|b4
5050,b3|b4
5051,b1|b2
5052,b1|b2|b3|b4
5053,b1|b2|b3|b4
5054,b0|b1|b2|b3|b4
5055,b0|b1|b4
5056,b1|b4
5057,b1|b2|b4
5058,b2
5059,b1|b2|b3|b4
5060,b3|b4
5061,b0|b1|b2|b3|b4
5062,b2|b3
5063,b2|b4
5064,b1|b2|b3|b4
5065,b0|b1|b2|b3|b4
5066,b0|b1|b2|b3|b4
5067,b2|b3|b4
5068,b4
5069,b0|b1|b2|b3|b4
5070,b0|b1|b2
5071,b4
5072,b1|b2|b3|b4
5073,b1|b2|b3|b4
5074,b1|b2|b3|b4
5075,b4
5076,b0|b1
5077,b0|b1|b2|b3|b4
5078,b1
5079,b2|b3|b4
5080,b4
5081,b0|b3
5082,b1|b2|b3|b4
5083,b0
5084,b3|b4
5085,b0
5086,b1|b2|b3|b4
5087,b2|b4
5088,b4
5089,b1|b3|b4
5090,b2
5091,b0|b1|b2|b3|b4
5092,b1|b2|b3|b4
5093,b2|b3
5094,b1
5095,b0|b1|b2|b3|b4
5096,b3
5097,b2
5098,b0|b1|b2|b3|b4
5099,b0|b1|b2|b3|b4
5100,b3
5101,b2|b3|b4
5102,b1|b2|b3|b4
5103,b1|b2|b3|b4
5104,b1|b2|b3|b4
5105,b2|b3|b4
5106,b0|b1|b2|b3|b4
5107,b0|b1|b2|b4
5108,b3
5109,b1|b2|b3|b4
5110,b0|b1|b2|b3|b4
5111,b0|b1|b2|b3|b4
5112,b0|b2|b3|b4
5113,b1|b2|b3|b4
5114,b3|b4
5115,b2|b4
5116,b3|b4
5117,b2
5118,b0|b1|b2|b3
5119,b1|b2|b4
5120,b3|b4
5121,b0|b1|b2|b3|b4
5122,b4
5123,b1|b2|b3
5124,b3
5125,b4
5126,b2|b3|b4
5127,b4
5128,b0|b1|b2|b3|b4
5129,b1|b2|b3|b4
5130,b2|b3
5131,b0|b1|b2|b3|b4
5132,b2|b3|b4
5133,b0|b1|b2|b3|b4
5134,b0|b1|b2|b3|b4
5135,b2|b3|b4
5136,b2|b3|b4
5137,b0|b1|b2
5138,b0|b1|b2|b3|b4
5139,b0|b3|b4
5140,b4
5141,b2|b3|b4
5142,b1|b2|b4
5143,b1|b2|b3|b4
5144,b0|b1|b2|b3|b4
5145,b1|b2|b3|b4
5146,b0|b1|b2|b3|b4
5147,b4
5148,b1
5149,b1|b2|b3
5150,b1|b2|b3|b4
5151,b2|b4
5152,b0|b1|b2|b3|b4
5153,b4
5154,b1|b3|b4
5155,b1|b2|b3|b4
5156,b0|b1|b2|b3|b4
5157,b1
5158,b0|b1|b2|b3|b4
5159,b3
5160,b1|b3
5161,b0|b1
5162,b4
5163,b2|b3
5164,b0|b1|b2|b3|b4
5165,b2|b3|b4
5166,b1|b3|b4
5167,b4
5168,b1|b2|b3|b4
5169,b0|b1|b2|b3|b4
5170,b0|b1|b2|b3|b4
5171,b4
5172,b0|b1|b2|b3|b4
5173,b1|b3|b4
5174,b1|b2|b3
5175,b1|b3|b4
5176,b1|b2|b3|b4
5177,b1|b2|b3|b4
5178,b0|b1|b2|b3|b4
5179,b1|b2|b3|b4
5180,b0|b1|b2|b3|b4
5181,b0|b2|b3
5182,b3
5183,b0|b2
5184,b4
5185,b2|b3|b4
5186,b4
5187,b0
5188,b0|b1|b2|b3|b4
5189,b3
5190,b2|b3
5191,b0|b1|b2|b3|b4
5192,b4
5193,b1|b2|b3|b4
5194,b0|b1|b2|b3
5195,b0|b1|b2|b3|b4
5196,b1|b2|b3|b4
5197,b1|b2|b3|b4
5198,b4
5199,b1|b3|b4
5200,b4
5201,b4
5202,b0
5203,b0|b1|b2|b3|b4
5204,b0|b1
5205,b1|b2|b3|b4
5206,b2|b3|b4
5207,b0|b2
5208,b3
5209,b1|b2|b3|b4
5210,b0|b1|b2|b3|b4
5211,b2
5212,b0|b1|b2|b3|b4
5213,b4
5214,b2
5215,b1|b2|b3|b4
5216,b2|b3|b4
5217,b0|b4
5218,b0|b1|b2|b3|b4
5219,b0|b1|b2|b3|b4
5220,b1|b3|b4
5221,b2|b3|b4
5222,b1|b3|b4
5223,b2|b3
5224,b1|b2|b3
5225,b1|b2|b3|b4
5226,b1|b2|b3|b4
5227,b0|b1
5228,b3|b4
5229,b1|b4
5230,b1|b2|b3|b4
5231,b2|b3
5232,b4
5233,b1|b4
5234,b1
5235,b0|b1|b2|b3|b4
5236,b1|b2|b3
5237,b1|b2
5238,b1|b2|b3|b4
5239,b2|b4
5240,b2|b3|b4
5241,b1|b2|b3|b4
5242,b1|b2|b3|b4
5243,b0|b1
5244,b0|b1|b2|b3|b4
5245,b1|b2|b4
5246,b2|b3|b4
5247,b1|b2
5248,b4
5249,b0|b1|b2|b3|b4
5250,b4
5251,b0|b1|b2|b3|b4
5252,b3|b4
5253,b1|b2|b3|b4
5254,b2|b3|b4
5255,b2|b3|b4
5256,b0|b1|b2
5257,b2|b4
5258,b2
5259,b2|b3|b4
5260,b2|b3|b4
5261,b0|b1|b2|b3|b4
5262,b1|b2|b3
5263,b1|b4
5264,b1|b2|b3
5265,b4
5266,b3|b4
5267,b3
5268,b3|b4
5269,b4
5270,b1|b2|b3|b4
5271,b1|b2|b3|b4
5272,b1|b2|b3|b4
5273,b1|b2|b3|b4
5274,b4
5275,b4
5276,b0|b1|b2|b3|b4
5277,b2
5278,b1|b2|b3
5279,b0|b1|b2|b3|b4
5280,b1|b3
5281,b3|b4
5282,b0|b1|b2|b3|b4
5283,b0|b4
5284,b0|b1|b2
5285,b1|b2|b3|b4
5286,b2|b3|b4
5287,b1|b2|b3|b4
5288,b3
5289,b3
5290,b1|b4
5291,b0|b2|b3|b4
5292,b2
5293,b3
5294,b1|b2|b4
5295,b3
5296,b1|b2|b3
5297,b0|b1|b2|b3|b4
5298,b0|b1|b2|b3|b4
5299,b0|b1|b2|b3|b4
5300,b0|b1|b2|b3|b4
5301,b2|b3|b4
5302,b2|b3|b4
5303,b1
5304,b1|b2|b3|b4
5305,b4
5306,b2|b3
5307,b0|b1
5308,b2|b3|b4
5309,b0|b1|b2|b3|b4
5310,b0|b1|b2|b3|b4
5311,b0|b1|b3
5312,b0|b1|b2
5313,b3
5314,b0|b1|b2|b3|b4
5315,b0|b1|b2|b3|b4
5316,b3|b4
5317,b1|b2|b3|b4
5318,b0|b1|b2|b3|b4
5319,b0|b1|b2|b3|b4
5320,b3|b4
5321,b0|b1|b2|b3|b4
5322,b3
5323,b2|b3
5324,b3|b4
5325,b0|b1|b2|b3
5326,b0|b1|b2|b3|b4
5327,b1|b3
5328,b2|b3|b4
5329,b3
5330,b2|b3|b4
5331,b0|b1|b2|b3|b4
5332,b1
5333,b0
5334,b2|b4
5335,b0|b3|b4
5336,b0|b1|b2|b3|b4
5337,b2|b3|b4
5338,b4
5339,b2|b3
5340,b2|b3|b4
5341,b2
5342,b4
5343,b0
5344,b4
5345,b4
5346,b2|b3|b4
5347,b0|b1|b2|b3
5348,b2|b3|b4
5349,b0|b1|b3|b4
5350,b1|b2|b3|b4
5351,b0|b1|b2
5352,b2
5353,b0|b1|b2
5354,b1
5355,b4
5356,b0|b4
5357,b1|b3
5358,b3|b4
5359,b2|b3|b4
5360,b1|b2|b3|b4
5361,b4
5362,b0|b1|b3|b4
5363,b3|b4
5364,b0|b1|b2|b3|b4
5365,b1|b2|b3|b4
5366,b0|b1|b2|b4
5367,b2|b3
5368,b1|b2|b3|b4
5369,b0|b2|b3
5370,b3
5371,b2|b3|b4
5372,b1|b2|b3|b4
5373,b2|b3|b4
5374,b1|b2|b3|b4
5375,b3|b4
5376,b1|b2|b3|b4
5377,b1|b2|b3|b4
5378,b0|b2
5379,b0|b1|b2|b3|b4
5380,b2
5381,b1|b2|b3|b4
5382,b0|b1|b2|b3|b4
5383,b2|b3|b4
5384,b0|b1|b4
5385,b3
5386,b0|b1|b2|b3|b4
5387,b3|b4
5388,b2|b3|b4
5389,b2|b3|b4
5390,b4
5391,b1|b2|b3|b4
5392,b0|b1|b2|b3|b4
5393,b0|b1|b2|b3|b4
5394,b1|b2|b3|b4
5395,b0|b1|b2|b3|b4
5396,b3|b4
5397,b1|b2|b3
5398,b1|b2|b3|b4
5399,b2|b3|b4
5400,b1|b2|b3|b4
5401,b0|b1|b2|b3|b4
5402,b0|b2|b3|b4
5403,b3|b4
5404,b1|b2|b3
5405,b0|b1|b2|b3|b4
5406,b2|b4
5407,b1|b3|b4
5408,b1|b2|b3|b4
5409,b0|b1|b3
5410,b1|b2|b3|b4
5411,b1|b3
5412,b3
5413,b2|b3|b4
5414,b3|b4
5415,b0|b1|b4
5416,b1|b3|b4
5417,b0
5418,b1|b2|b3|b4
5419,b1|b2|b3|b4
5420,b0|b1|b2|b3|b4
5421,b2|b3
5422,b2|b3|b4
5423,b4
5424,b0
5425,b2|b3|b4
5426,b0|b1|b3|b4
5427,b0|b1|b2|b3|b4
5428,b3|b4
5429,b2
5430,b0|b1|b2|b3|b4
5431,b0|b1|b2|b3|b4
5432,b0|b1|b2|b3|b4
5433,b1|b2
5434,b0|b1|b2|b3|b4
5435,b4
5436,b1|b2
5437,b1|b2|b3
5438,b0|b1|b2|b3|b4
5439,b2|b4
5440,b1|b4
5441,b1|b2|b3|b4
5442,b1|b2|b3|b4
5443,b0|b1
5444,b2|b3|b4
5445,b1|b2|b4
5446,b2|b3|b4
5447,b1|b2|b3|b4
5448,b2
5449,b2|b3|b4
5450,b0
5451,b1|b2|b3|b4
5452,b0|b1|b2|b3|b4
5453,b3
5454,b0|b1|b2|b3|b4
5455,b2|b3|b4
5456,b0|b2|b3
5457,b1|b2|b3|b4
5458,b0|b1|b2|b4
5459,b2
5460,b1
5461,b0|b1|b2|b4
5462,b1|b4
5463,b0|b1
5464,b0|b1|b2|b3|b4
5465,b0|b1|b2|b3|b4
5466,b0|b1|b2|b3|b4
5467,b3|b4
5468,b3
5469,b2
5470,b1|b2|b3|b4
5471,b3
5472,b2|b3
5473,b1|b2|b3
5474,b1|b2|b3
5475,b0|b1|b2|b3
5476,b0|b1|b2|b3|b4
5477,b1|b4
5478,b2
5479,b0|b1|b2|b3|b4
5480,b0|b1|b3|b4
5481,b0|b1
5482,b1|b2|b3|b4
5483,b2|b3|b4
5484,b3
5485,b1|b2|b3|b4
5486,b1|b2|b3|b4
5487,b2|b4
5488,b1|b2|b3|b4
5489,b0|b1|b2|b3
5490,b0|b1|b2|b3|b4
5491,b1|b3
5492,b0|b2|b3
5493,b2|b3|b4
5494,b1
5495,b0|b1|b2|b3|b4
5496,b2|b3|b4
5497,b0|b1|b4
5498,b2|b3|b4
5499,b1|b3
5500,b3|b4
5501,b1|b2|b3|b4
5502,b0|b4
5503,b1|b2|b3|b4
5504,b0|b1|b2|b3|b4
5505,b0|b1|b2|b4
5506,b0|b2
5507,b0|b1|b2|b3|b4
5508,b1|b2|b3|b4
5509,b2|b4
5510,b4
5511,b2|b3|b4
5512,b0|b4
5513,b0|b1|b2|b4
5514,b2
5515,b1|b3
5516,b1|b2|b4
5517,b3|b4
5518,b4
5519,b0|b1|b2|b3|b4
5520,b1
5521,b4
5522,b0|b1|b2|b3|b4
5523,b1|b2|b3|b4
5524,b4
5525,b0
5526,b1|b2|b3|b4
5527,b1|b2
5528,b0|b1|b2|b3|b4
5529,b3|b4
5530,b0|b1|b2|b3|b4
5531,b3|b4
5532,b3|b4
5533,b1|b2|b3|b4
5534,b2|b3|b4
5535,b2|b3|b4
5536,b0|b2|b3
5537,b1|b2|b3|b4
5538,b0|b1|b2|b3
5539,b3|b4
5540,b3|b4
5541,b0|b1|b2|b3|b4
5542,b0|b1|b2|b3|b4
5543,b3|b4
5544,b4
5545,b0|b1|b2|b3|b4
5546,b0|b1|b2|b3|b4
5547,b2|b3|b4
5548,b0|b1|b2|b3|b4
5549,b4
5550,b1|b2
5551,b3|b4
5552,b2|b3|b4
5553,b2|b3|b4
5554,b0|b1|b2|b3|b4
5555,b2|b3|b4
5556,b0|b1|b2|b3|b4
5557,b0|b1|b2|b3|b4
5558,b3|b4
5559,b0|b1
5560,b2|b3|b4
5561,b3
5562,b2|b4
5563,b1|b2|b3
5564,b2
5565,b1|b2|b3|b4
5566,b1|b2|b3|b4
5567,b1|b2|b3|b4
5568,b2|b3
5569,b1|b2|b3|b4
5570,b2|b3|b4
5571,b4
5572,b4
5573,b0|b1|b2|b3|b4
5574,b0
5575,b3
5576,b0|b1|b2|b3
5577,b1|b2|b3|b4
5578,b1|b2|b3|b4
5579,b0|b1|b2|b3|b4
5580,b0|b1|b2|b3
5581,b2|b3|b4
5582,b1|b2|b3|b4
5583,b3|b4
5584,b3
5585,b0|b1|b2|b3|b4
5586,b1|b2|b3|b4
5587,b1|b2|b3|b4
5588,b4
5589,b1|b2|b4
5590,b3|b4
5591,b3|b4
5592,b1|b2|b3|b4
5593,b0|b1|b2|b3|b4
5594,b1|b3|b4
5595,b3
5596,b0|b1|b2|b3|b4
5597,b0|b1|b2|b3|b4
5598,b0|b1|b2|b3|b4
5599,b1|b2|b3|b4
5600,b1|b2|b3|b4
5601,b0|b1|b2|b3|b4
5602,b3|b4
5603,b0|b1|b4
5604,b1
5605,b1
5606,b4
5607,b1|b2|b3|b4
5608,b0|b1
5609,b1|b2|b3|b4
5610,b4
5611,b2|b3|b4
5612,b0|b1|b2|b3
5613,b1|b2|b3|b4
5614,b1|b3|b4
5615,b3|b4
5616,b0|b1|b2|b3|b4
5617,b0|b1|b2|b4
5618,b0|b1|b2|b3|b4
5619,b1|b2|b3
5620,b0|b1|b2
5621,b4
5622,b0|b1|b2|b3|b4
5623,b0|b4
5624,b4
5625,b4
5626,b0
5627,b0|b3|b4
5628,b0|b1|b2|b3|b4
5629,b0|b1
5630,b0|b1|b2|b3|b4
5631,b2|b3
5632,b4
5633,b0|b1|b2|b4
5634,b4
5635,b1|b2|b3|b4
5636,b0|b1|b2|b3|b4
5637,b0|b1|b2|b3|b4
5638,b1|b2|b3|b4
5639,b0|b1|b2|b3|b4
5640,b1|b2|b3|b4
5641,b3|b4
5642,b0|b1|b2|b3|b4
5643,b1|b2
5644,b0|b1|b2|b3|b4
5645,b0|b1|b2|b3|b4
5646,b0|b2|b4
5647,b3|b4
5648,b0|b2
5649,b1|b2|b4
5650,b0|b1|b2|b3|b4
5651,b0|b1|b2|b3|b4
5652,b1|b2|b3
5653,b0
5654,b1|b2|b3|b4
5655,b0|b3|b4
5656,b4
5657,b1|b2|b3
5658,b4
5659,b2|b3|b4
5660,b0|b1|b2|b3|b4
5661,b1|b3|b4
5662,b0|b1|b2|b3|b4
5663,b1|b2
5664,b3|b4
5665,b0|b1|b2|b3|b4
5666,b0|b1|b2|b3|b4
5667,b3|b4
5668,b1|b2|b3|b4
5669,b4
5670,b1|b2|b3|b4
5671,b4
5672,b0|b1|b2|b3|b4
5673,b1
5674,b3|b4
5675,b0|b1|b2|b3|b4
5676,b4
5677,b3|b4
5678,b0|b1|b2|b3|b4
5679,b1|b2|b3|b4
5680,b1|b3|b4
5681,b1|b2|b3|b4
5682,b0|b1|b2|b3|b4
5683,b1
5684,b1|b3|b4
5685,b4
5686,b0|b1|b2|b3|b4
5687,b0|b1|b2|b3|b4
5688,b1|b3
5689,b1
5690,b0|b1|b2|b3|b4
5691,b0|b1|b2|b3|b4
5692,b2|b3|b4
5693,b0
5694,b0|b1|b2|b3|b4
5695,b0|b1|b2|b3|b4
5696,b3|b4
5697,b0|b1
5698,b0|b2|b3
5699,b1|b2|b3
5700,b2|b4
5701,b0|b2|b3|b4
5702,b0|b1|b2|b3|b4
5703,b0|b1|b2|b3|b4
5704,b1|b2|b3|b4
5705,b1|b2|b3
5706,b1|b2|b3
5707,b0|b1|b2|b3|b4
5708,b0|b1
5709,b0|b1|b3|b4
5710,b2|b3|b4
5711,b0|b1|b2|b3
5712,b1|b2|b3|b4
5713,b4
5714,b1|b2|b4
5715,b1|b2|b4
5716,b0|b1|b2|b3|b4
5717,b2|b3|b4
5718,b0
5719,b1|b2|b3|b4
5720,b0|b1|b2|b3|b4
5721,b2
5722,b0|b1|b2|b3|b4
5723,b1|b2|b3|b4
5724,b1
5725,b2
5726,b0|b1|b2|b3|b4
5727,b0|b1|b2|b3|b4
5728,b2|b3
5729,b0
5730,b0|b2
5731,b0|b1|b2|b3|b4
5732,b2|b4
5733,b3|b4
5734,b1|b3
5735,b3
5736,b2|b3
5737,b0|b1|b2|b4
5738,b3|b4
5739,b1|b3|b4
5740,b0|b1|b2|b3
5741,b0|b1|b2|b3|b4
5742,b3
5743,b4
5744,b1|b2|b3|b4
5745,b2|b3|b4
5746,b1|b2|b3|b4
5747,b1
5748,b0
5749,b3|b4
5750,b1|b3
5751,b1|b2|b3|b4
5752,b4
5753,b0|b2|b3
5754,b3
5755,b0|b4
5756,b0|b3|b4
5757,b0|b1|b2|b3
5758,b1|b2|b3|b4
5759,b1|b2|b3|b4
5760,b0|b1|b2|b3|b4
5761,b1|b2|b3|b4
5762,b1|b2|b3|b4
5763,b0|b1|b2
5764,b0|b1|b2|b3
5765,b1|b3|b4
5766,b0|b1|b2|b3|b4
5767,b0|b1|b2|b3|b4
5768,b1
5769,b1|b3
5770,b4
5771,b1|b2|b3|b4
5772,b1|b3
5773,b3|b4
5774,b0|b1|b2|b3|b4
5775,b1|b2|b4
5776,b1|b2|b4
5777,b2|b3|b4
5778,b0|b1|b3|b4
5779,b2|b4
5780,b1|b3|b4
5781,b4
5782,b0|b4
5783,b2|b3|b4
5784,b2|b3
5785,b2|b3|b4
5786,b0|b1|b2|b3|b4
5787,b0|b1|b2|b3|b4
5788,b2|b3|b4
5789,b0|b2|b3|b4
5790,b0
5791,b0|b1|b2|b3|b4
5792,b2|b3
5793,b3|b4
5794,b2|b4
5795,b1|b3|b4
5796,b2|b3
5797,b0|b1|b2|b3|b4
5798,b0|b1|b3|b4
5799,b1|b2|b3|b4
5800,b4
5801,b3|b4
5802,b0|b1|b2|b3|b4
5803,b0|b1|b2|b3|b4
5804,b2|b3|b4
5805,b0|b1|b2|b3|b4
5806,b0
5807,b1|b2
5808,b0|b1|b2|b3|b4
5809,b1|b2|b3|b4
5810,b1|b3|b4
5811,b2|b3|b4
5812,b0|b1|b2|b3|b4
5813,b0|b1|b2|b3|b4
5814,b0|b1|b2|b3|b4
5815,b0|b1|b2|b3|b4
5816,b1|b2|b3|b4
5817,b0|b1|b3|b4
5818,b0|b1|b2|b3|b4
5819,b4
5820,b0|b1|b2|b3|b4
5821,b4
5822,b2|b4
5823,b0|b1|b3
5824,b3|b4
5825,b2|b4
5826,b0
5827,b3
5828,b2|b3
5829,b1|b2
5830,b0|b2|b3
5831,b4
5832,b0|b1|b2|b3|b4
5833,b1|b2|b3|b4
5834,b4
5835,b1|b2|b3|b4
5836,b0|b1|b2|b4
5837,b3
5838,b0|b2
5839,b0|b1|b2|b3|b4
5840,b1
5841,b0|b1|b2|b3|b4
5842,b1|b2|b3|b4
5843,b3|b4
5844,b2
5845,b1|b2|b3|b4
5846,b0|b1|b2|b3|b4
5847,b0|b1|b2
5848,b0|b1|b2|b3|b4
5849,b0
5850,b0
5851,b1|b2|b3|b4
5852,b3|b4
5853,b4
5854,b0|b1|b2|b3|b4
5855,b1|b2|b3|b4
5856,b2
5857,b4
5858,b0|b1|b2|b3|b4
5859,b4
5860,b4
5861,b3|b4
5862,b0|b1|b2|b3|b4
5863,b4
5864,b1|b4
5865,b0|b1|b2|b3|b4
5866,b1|b2|b3|b4
5867,b2|b4
5868,b0|b1|b2|b3|b4
5869,b0|b1|b3|b4
5870,b0|b1|b2|b3|b4
5871,b1|b2|b3|b4
5872,b1|b3
5873,b1|b2|b3|b4
5874,b1|b2|b3|b4
5875,b1|b2|b3|b4
5876,b2|b3
5877,b3|b4
5878,b2|b4
5879,b1|b3|b4
5880,b3
5881,b2
5882,b4
5883,b2|b3|b4
5884,b3|b4
5885,b3|b4
5886,b0|b1|b2|b3|b4
5887,b3|b4
5888,b0
5889,b2|b3|b4
5890,b1|b2
5891,b0|b1|b2|b3|b4
5892,b1|b2|b3|b4
5893,b3|b4
5894,b0|b1|b2|b3|b4
5895,b0|b1|b2|b3|b4
5896,b1|b2
5897,b1|b3|b4
5898,b0|b1|b2|b3|b4
5899,b0|b1|b2|b3|b4
5900,b1
5901,b2|b3|b4
5902,b0
5903,b0|b1|b2|b3|b4
5904,b0|b1|b2
5905,b0|b1|b2|b3|b4
5906,b0|b1|b2|b3|b4
5907,b2
5908,b0|b1|b2|b3|b4
5909,b1|b2|b3|b4
5910,b4
5911,b1
5912,b3|b4
5913,b1|b2|b3|b4
5914,b4
5915,b1|b2|b3|b4
5916,b1|b3|b4
5917,b1|b2|b3|b4
5918,b1|b2|b3|b4
5919,b0|b1|b2|b3|b4
5920,b3|b4
5921,b2|b3
5922,b2|b3
5923,b2|b3
5924,b1|b4
5925,b3
5926,b1|b2|b3|b4
5927,b2|b4
5928,b1|b2
5929,b1|b2|b3|b4
5930,b0|b1|b2|b3
5931,b2
5932,b3|b4
5933,b4
5934,b1|b2|b3|b4
5935,b1|b3|b4
5936,b2|b3|b4
5937,b2|b3|b4
5938,b0
5939,b1|b4
5940,b1|b2|b3|b4
5941,b1
5942,b1|b2|b3|b4
5943,b0|b1|b2|b3|b4
5944,b4
5945,b1|b2|b3|b4
5946,b2
5947,b4
5948,b1|b2|b3
5949,b0|b1|b2|b3|b4
5950,b3|b4
5951,b4
5952,b1|b2|b3|b4
5953,b1|b2|b3|b4
5954,b1|b2|b3|b4
5955,b1
5956,b1|b2|b3|b4
5957,b1|b3
5958,b1
5959,b0|b1|b3|b4
5960,b1|b2|b3
5961,b0|b1|b2|b3|b4
5962,b1|b2|b3|b4
5963,b2|b3|b4
5964,b1
5965,b0|b1|b2|b3
5966,b4
5967,b1
5968,b0|b3
5969,b4
5970,b0|b1
5971,b2|b3|b4
5972,b0|b1
5973,b4
5974,b0|b1|b2|b3|b4
5975,b0|b1|b2|b3|b4
5976,b3|b4
5977,b3|b4
5978,b1|b2
5979,b2|b3|b4
5980,b2|b3|b4
5981,b4
5982,b1|b2|b3|b4
5983,b1|b2|b3
5984,b1|b2|b3|b4
5985,b1|b2|b4
5986,b0|b1|b2|b3|b4
5987,b3
5988,b1|b2|b3|b4
5989,b1|b4
5990,b1|b2|b3|b4
5991,b4
5992,b1
5993,b0|b1|b2|b4
5994,b3|b4
5995,b2|b3|b4
5996,b4
5997,b3|b4
5998,b2|b3|b4
5999,b1|b2|b3|b4
6000,b0|b1|b2|b3|b4
6001,b2|b3|b4
6002,b0|b1|b2|b3|b4
6003,b0|b2|b3|b4
6004,b2|b3|b4
6005,b0|b1|b2|b3|b4
6006,b3|b4
6007,b0|b1|b2|b3|b4
6008,b2|b3
6009,b0|b1|b2|b3|b4
6010,b1|b2|b3
6011,b4
6012,b1|b2|b3|b4
6013,b1|b2|b3|b4
6014,b3|b4
6015,b0|b1|b2|b3
6016,b0|b1|b2|b3
6017,b3|b4
6018,b0|b1|b2|b3
6019,b0|b1|b2|b3|b4
6020,b0|b1|b2|b3|b4
6021,b1
6022,b0|b1|b2|b3|b4
6023,b0|b1|b2|b3|b4
6024,b0|b1|b2|b3|b4
6025,b1|b2|b4
6026,b0|b1|b2|b3|b4
6027,b1|b2|b3|b4
6028,b4
6029,b1|b2|b3
6030,b3
6031,b3
6032,b2
6033,b0|b1|b2|b3|b4
6034,b1|b2|b3|b4
6035,b3|b4
6036,b0|b1|b2|b3|b4
6037,b3|b4
6038,b1|b2|b3|b4
6039,b1|b2|b3
6040,b1|b2
6041,b1|b2|b3|b4
6042,b2|b3
6043,b3
6044,b1
6045,b4
6046,b1|b3
6047,b1|b2|b3|b4
6048,b0|b2|b4
6049,b0|b1|b2|b3|b4
6050,b3|b4
6051,b0
6052,b2|b4
6053,b1|b2|b3|b4
6054,b4
6055,b0|b1|b2|b3|b4
6056,b1|b2|b3|b4
6057,b4
6058,b1
6059,b0|b1|b2|b3
6060,b0
6061,b0|b1|b2|b3|b4
6062,b1|b2|b3|b4
6063,b2|b3|b4
6064,b0|b1|b2|b3|b4
6065,b4
6066,b3
6067,b1|b4
6068,b0|b1|b2|b3|b4
6069,b1
6070,b1|b3
6071,b0
6072,b4
6073,b0|b1|b2|b3|b4
6074,b0|b2|b3|b4
6075,b2|b3|b4
6076,b2
6077,b0|b1|b2
6078,b0|b1|b2|b3|b4
6079,b0|b1|b2|b3|b4
6080,b1|b2|b3|b4
6081,b2|b3|b4
6082,b0|b1|b2|b4
6083,b0|b1|b2|b3|b4
6084,b1|b2
6085,b1|b4
6086,b1|b2|b3|b4
6087,b1|b2|b3|b4
6088,b2|b3
6089,b0|b1|b2|b3|b4
6090,b3
6091,b2|b3|b4
6092,b3|b4
6093,b2|b3|b4
6094,b3
6095,b1|b2|b3|b4
6096,b2|b3|b4
6097,b0|b1|b2|b3|b4
6098,b1|b3
6099,b3|b4
6100,b1|b2|b3|b4
6101,b3
6102,b0|b3
6103,b1|b2|b3|b4
6104,b0|b1|b2|b3|b4
6105,b2
6106,b1|b2|b3|b4
6107,b1
6108,b0|b1|b2|b3|b4
6109,b1|b2|b3|b4
6110,b4
6111,b4
6112,b2|b4
6113,b0|b1
6114,b2|b3|b4
6115,b3|b4
6116,b1
6117,b0|b1|b2
6118,b3|b4
6119,b1|b2|b3|b4
6120,b2|b3|b4
6121,b0|b1|b2|b3|b4
6122,b1|b2|b3|b4
6123,b1|b3|b4
6124,b0
6125,b1|b2|b3|b4
6126,b2|b3|b4
6127,b0|b1|b2|b3|b4
6128,b1|b2|b3|b4
6129,b0|b1|b2|b3|b4
6130,b0|b1|b2|b3|b4
6131,b2|b3|b4
6132,b4
6133,b1|b2
6134,b1|b4
6135,b1|b3
6136,b1
6137,b4
6138,b2
6139,b0
6140,b1|b2|b3
6141,b1|b4
6142,b4
6143,b1|b2|b3|b4
6144,b2
6145,b2|b4
6146,b2|b3|b4
6147,b1|b4
6148,b2
6149,b0|b1|b2|b4
6150,b0|b3
6151,b1|b2|b3|b4
6152,b1|b3|b4
6153,b1
6154,b0|b3|b4
6155,b1|b2|b3|b4
6156,b4
6157,b1|b2|b3|b4
6158,b0|b1|b2|b3
6159,b4
6160,b2|b3
6161,b2|b4
6162,b2|b3|b4
6163,b1|b2|b3
6164,b1|b3|b4
6165,b0|b1|b2|b3|b4
6166,b2
6167,b2|b3|b4
6168,b1|b2|b4
6169,b0|b1|b2|b3|b4
6170,b1|b2|b3|b4
6171,b0|b2|b3
6172,b3
6173,b2|b3|b4
6174,b0|b3
6175,b2|b4
6176,b3|b4
6177,b2|b3|b4
6178,b3
6179,b1|b2|b3|b4
6180,b1
6181,b1|b2|b3|b4
6182,b2
6183,b0|b1|b2|b3|b4
6184,b0|b1
6185,b1|b2|b3
6186,b1|b2|b3|b4
6187,b2|b3|b4
6188,b1|b3|b4
6189,b2|b3|b4
6190,b0|b1|b2|b3|b4
6191,b4
6192,b1|b2|b3|b4
6193,b4
6194,b1|b2|b3|b4
6195,b1|b2|b3|b4
6196,b2|b3|b4
6197,b3
6198,b0|b3|b4
6199,b3|b4
6200,b4
6201,b3|b4
6202,b0|b2
6203,b4
6204,b1
6205,b0|b1|b2|b3|b4
6206,b0|b1|b2|b3|b4
6207,b0|b1|b2|b3|b4
6208,b1|b2|b3|b4
6209,b0|b1|b2|b3|b4
6210,b1|b2|b3
6211,b1|b2|b3|b4
6212,b1|b3|b4
6213,b0|b1|b2|b3|b4
6214,b2|b3|b4
6215,b1|b2|b3
6216,b2|b3|b4
6217,b0|b1|b2|b4
6218,b0|b1|b2|b3
6219,b1|b2|b3|b4
6220,b1|b2|b4
6221,b1|b2|b3|b4
6222,b3
6223,b1|b2|b3
6224,b3|b4
6225,b0|b1|b2
6226,b0|b1|b2|b3
6227,b2
6228,b0|b1|b2|b3|b4
6229,b1|b3|b4
6230,b2
6231,b0|b2|b3
6232,b0|b1|b2|b3|b4
6233,b2|b4
6234,b4
6235,b2|b3|b4
6236,b0|b1|b2|b3|b4
6237,b0|b1|b2|b3|b4
6238,b2|b3|b4
6239,b1|b2
6240,b0|b1|b2|b3|b4
6241,b0|b1|b2|b3|b4
6242,b1
6243,b4
6244,b2|b3|b4
6245,b0|b2
6246,b0|b1|b2|b3|b4
6247,b2|b3|b4
6248,b3
6249,b0|b1|b2|b3|b4
6250,b3|b4
6251,b4
6252,b2|b4
6253,b2|b3|b4
6254,b2|b3|b4
6255,b1|b2|b3|b4
6256,b2
6257,b2|b3
6258,b1|b2|b3|b4
6259,b0|b1|b2|b3|b4
6260,b3|b4
6261,b0|b1|b2|b4
6262,b2|b4
6263,b0|b1|b2|b3|b4
6264,b3|b4
6265,b0|b1|b2
6266,b1|b2|b3|b4
6267,b0|b1|b2|b3|b4
6268,b0|b1|b2|b3
6269,b0|b1|b2|b3
6270,b0|b1
6271,b1|b2|b3
6272,b4
6273,b2|b3|b4
6274,b1|b2|b3|b4
6275,b0|b1|b2|b3|b4
6276,b1|b2|b3|b4
6277,b4
6278,b1
6279,b0|b1|b2|b3|b4
6280,b1|b3|b4
6281,b0|b1|b2|b3|b4
6282,b0|b1|b2
6283,b2|b3|b4
6284,b1|b2|b4
6285,b1|b2|b3|b4
6286,b0|b1|b2|b3|b4
6287,b3|b4
6288,b1|b2|b3|b4
6289,b0|b1|b2|b3|b4
6290,b2|b3
6291,b3|b4
6292,b2|b3|b4
6293,b4
6294,b2|b3|b4
6295,b0|b3|b4
6296,b1|b2|b3|b4
6297,b0|b1|b2|b3|b4
6298,b0|b1|b4
6299,b0|b1
6300,b2|b4
6301,b0|b1|b2|b3|b4
6302,b1|b2|b3|b4
6303,b0|b1|b2|b3|b4
6304,b4
6305,b2|b3|b4
6306,b2|b3|b4
6307,b1|b2|b3|b4
6308,b4
6309,b4
6310,b1
6311,b2
6312,b1|b2|b3|b4
6313,b3|b4
6314,b0|b1|b2|b3|b4
6315,b2|b3|b4
6316,b0|b3
6317,b4
6318,b0
6319,b0|b1
6320,b2
6321,b0|b1|b2|b3|b4
6322,b3
6323,b2
6324,b4
6325,b4
6326,b0|b4
6327,b0|b1|b2|b3|b4
6328,b2|b3
6329,b0|b1
6330,b1|b2|b3|b4
6331,b2
6332,b1|b2|b3|b4
6333,b0|b1|b2|b4
6334,b1|b2|b4
6335,b0|b1|b2|b3|b4
6336,b3|b4
6337,b3|b4
6338,b1|b3|b4
6339,b0|b1|b2|b3|b4
6340,b1|b2|b3|b4
6341,b1|b2|b3
6342,b0|b1|b3
6343,b0|b1|b2|b3
6344,b4
6345,b1|b3
6346,b0|b2|b4
6347,b0
6348,b1|b2|b3|b4
6349,b2|b3|b4
6350,b1|b2|b3|b4
6351,b2|b3|b4
6352,b1|b2|b4
6353,b0|b1|b2|b3|b4
6354,b0|b1|b2|b3|b4
6355,b1|b4
6356,b4
6357,b2|b3
6358,b4
6359,b1|b2|b3
6360,b1|b3|b4
6361,b0|b3
6362,b1|b2|b3
6363,b1|b2|b3|b4
6364,b0|b1|b3|b4
6365,b0|b1|b3
6366,b3
6367,b1
6368,b0|b1|b2|b3|b4
6369,b2|b3|b4
6370,b0|b1|b2|b3|b4
6371,b1|b2|b3
6372,b0|b1|b2|b3|b4
6373,b4
6374,b3
6375,b0|b1|b2|b3|b4
6376,b0|b1|b2|b3|b4
6377,b1|b2|b3|b4
6378,b4
6379,b3
6380,b2|b3|b4
6381,b1|b4
6382,b2
6383,b0|b1|b2|b3|b4
6384,b0|b1|b2|b3|b4
6385,b2|b3|b4
6386,b3|b4
6387,b2
6388,b2|b3|b4
6389,b1|b2|b3|b4
6390,b1|b3
6391,b0|b1
6392,b1|b2|b3|b4
6393,b1|b2|b4
6394,b1|b2|b3|b4
6395,b0|b1|b2|b3|b4
6396,b2|b4
6397,b3
6398,b2|b3|b4
6399,b0|b1|b2|b3|b4
6400,b4
6401,b0|b2|b3
6402,b3|b4
6403,b3|b4
6404,b0|b1|b3|b4
6405,b0|b1|b3
6406,b2
6407,b1|b2|b3|b4
6408,b3|b4
6409,b2|b3|b4
6410,b1|b2|b3|b4
6411,b3|b4
6412,b4
6413,b3
6414,b3
6415,b2|b4
6416,b0|b2|b3|b4
6417,b2|b3|b4
6418,b0|b1|b2|b3|b4
6419,b3|b4
6420,b0|b1|b2|b3|b4
6421,b0|b1|b3
6422,b0|b1|b2|b3
6423,b1|b2|b3|b4
6424,b1|b2|b3
6425,b3
6426,b0|b3|b4
6427,b0|b1|b2|b3|b4
6428,b0|b1|b2|b3|b4
6429,b1|b3|b4
6430,b2|b4
6431,b1|b2|b3|b4
6432,b3
6433,b4
6434,b0
6435,b2|b3|b4
6436,b2|b3|b4
6437,b1|b2|b3|b4
6438,b3
6439,b0|b1|b2|b3|b4
6440,b1|b2|b3|b4
6441,b0|b1|b2|b3|b4
6442,b1|b2|b3|b4
6443,b0|b1|b2|b3|b4
6444,b2|b3|b4
6445,b4
6446,b1|b2|b3|b4
6447,b0|b1|b2
6448,b2|b3|b4
6449,b0|b1|b2|b3|b4
6450,b1|b2
6451,b2|b3
6452,b3|b4
6453,b0|b1|b3|b4
6454,b0|b1|b2|b3|b4
6455,b2|b3|b4
6456,b0|b1|b2|b3
6457,b1|b2|b3|b4
6458,b0|b1|b2|b3|b4
6459,b2|b3
6460,b1|b2|b3|b4
6461,b1|b2
6462,b2|b3|b4
6463,b4
6464,b0|b1|b2|b3|b4
6465,b0
6466,b0
6467,b1
6468,b3|b4
6469,b1|b2|b3|b4
6470,b1|b2|b4
6471,b1|b2|b3|b4
6472,b4
6473,b2
6474,b2|b3|b4
6475,b0|b1|b2|b3|b4
6476,b1|b2|b3
6477,b2|b3
6478,b0|b1|b4
6479,b2|b3|b4
6480,b0|b1|b2|b3
6481,b0|b1|b2|b3
6482,b0|b1|b2|b3|b4
6483,b3
6484,b0|b3
6485,b1|b2|b3|b4
6486,b0|b1|b2|b3|b4
6487,b3
6488,b2|b3|b4
6489,b0|b1|b2|b3|b4
6490,b0|b1
6491,b4
6492,b0|b1|b2|b3|b4
6493,b0|b1|b2|b3|b4
6494,b3|b4
6495,b0|b1|b2
6496,b3|b4
6497,b0|b4
6498,b2|b3|b4
6499,b0|b1|b2|b3|b4
6500,b2|b3|b4
6501,b0|b1|b3
6502,b1|b3|b4
6503,b4
6504,b1|b2|b3|b4
6505,b0|b1|b2|b3|b4
6506,b1|b2
6507,b1|b2|b3|b4
6508,b4
6509,b2|b3|b4
6510,b2
6511,b0|b1|b2|b3|b4
6512,b2|b3|b4
6513,b1|b2|b3|b4
6514,b0|b1|b2|b4
6515,b1|b2|b3|b4
6516,b3|b4
6517,b0|b1|b2|b3|b4
6518,b4
6519,b2
6520,b3|b4
6521,b0|b1|b2|b3|b4
6522,b1|b2|b3|b4
6523,b0|b1|b2|b3|b4
6524,b0|b1|b3
6525,b1|b2|b3|b4
6526,b0|b3|b4
6527,b2|b3|b4
6528,b3|b4
6529,b3|b4
6530,b3|b4
6531,b2|b3
6532,b2
6533,b2|b4
6534,b0|b1|b2
6535,b1|b2
6536,b0
6537,b1|b2|b3|b4
6538,b0|b1|b2
6539,b4
6540,b2|b4
6541,b0|b4
6542,b0|b1|b2|b3|b4
6543,b1|b4
6544,b0|b1|b2|b3|b4
6545,b0|b1|b2|b3|b4
6546,b1|b2|b3|b4
6547,b2
6548,b2|b3|b4
6549,b0|b2|b3|b4
6550,b0|b1|b2|b3|b4
6551,b1|b2|b3|b4
6552,b0|b1|b2|b3
6553,b2
6554,b2|b3|b4
6555,b2|b3|b4
6556,b0|b1|b2|b3|b4
6557,b0|b1|b2|b3|b4
6558,b0|b1|b2|b3
6559,b1|b3|b4
6560,b0|b1|b2|b4
6561,b1|b2|b3|b4
6562,b0|b1|b2
6563,b0|b1|b2|b3|b4
6564,b2|b3|b4
6565,b0|b1|b2|b3|b4
6566,b0|b1|b2|b3|b4
6567,b0|b1|b2|b3|b4
6568,b4
6569,b1|b2|b3|b4
6570,b0|b1|b2|b3
6571,b2|b3
6572,b1|b2|b3|b4
6573,b1|b2|b3|b4
6574,b1|b2|b4
6575,b0|b1|b2|b3|b4
6576,b2|b3|b4
6577,b0|b2|b3
6578,b1|b2|b4
6579,b4
6580,b3
6581,b1
6582,b0|b1|b2|b3|b4
6583,b1|b4
6584,b0|b1|b2|b3
6585,b0|b3|b4
6586,b0|b1|b2|b3|b4
6587,b0|b2|b4
6588,b1|b4
6589,b0|b1|b3
6590,b2|b4
6591,b1|b3|b4
6592,b1|b3|b4
6593,b1|b4
6594,b1|b2|b3
6595,b1|b2|b3|b4
6596,b1|b2|b3|b4
6597,b0|b1|b2|b3|b4
6598,b0|b3
6599,b0|b1|b2|b3|b4
6600,b2|b3|b4
6601,b2|b3|b4
6602,b0|b1|b4
6603,b0|b1|b2
6604,b3|b4
6605,b0|b1|b2|b3|b4
6606,b0|b1|b2|b3|b4
6607,b1|b4
6608,b4
6609,b1|b2
6610,b0|b1|b2|b3|b4
6611,b3|b4
6612,b0|b1|b2|b3|b4
6613,b1|b2|b4
6614,b4
6615,b1|b2|b3|b4
6616,b2|b3|b4
6617,b1|b2|b3|b4
6618,b1|b2|b3|b4
6619,b2|b3|b4
6620,b4
6621,b0|b1|b2|b3|b4
6622,b4
6623,b0|b1|b2|b3|b4
6624,b4
6625,b1|b2|b3|b4
6626,b2|b3|b4
6627,b1|b2|b3|b4
6628,b1|b2|b3|b4
6629,b4
6630,b0|b2|b3
6631,b0|b1|b2|b3|b4
6632,b3|b4
6633,b0|b1|b2|b3|b4
6634,b2|b3|b4
6635,b1|b2|b3|b4
6636,b0|b1|b2|b3|b4
6637,b1|b4
6638,b1|b2|b3|b4
6639,b0|b1|b2|b3|b4
6640,b0|b2|b4
6641,b0|b1|b2|b3|b4
6642,b0
6643,b2|b3|b4
6644,b1|b3|b4
6645,b4
6646,b1|b2|b3|b4
6647,b4
6648,b0|b2|b4
6649,b0|b1|b2|b3|b4
6650,b2
6651,b1|b2|b3|b4
6652,b0|b1|b2|b3|b4
6653,b2
6654,b0|b1|b2|b3|b4
6655,b4
6656,b1
6657,b0|b1|b2|b3|b4
6658,b0|b1|b2|b3|b4
6659,b0
6660,b3|b4
6661,b0|b1|b2|b3|b4
6662,b1|b2|b3|b4
6663,b0|b1|b2|b3|b4
6664,b4
6665,b2
6666,b1|b2|b3|b4
6667,b3|b4
6668,b1|b3
6669,b0|b1|b2|b3|b4
6670,b1|b4
6671,b2
6672,b0
6673,b0|b1|b2|b3|b4
6674,b1|b2
6675,b1|b2|b3|b4
6676,b1|b2|b3|b4
6677,b3
6678,b0
6679,b0|b1|b2|b3|b4
6680,b4
6681,b0|b1|b2|b3|b4
6682,b1
6683,b0|b1
6684,b1|b3
6685,b3|b4
6686,b4
6687,b3
6688,b0|b1|b2|b3|b4
6689,b2|b3|b4
6690,b1|b2|b3|b4
6691,b1|b2
6692,b0|b1|b2|b3
6693,b1
6694,b0|b1|b2|b3|b4
6695,b3
6696,b3
6697,b1
6698,b2|b4
6699,b3|b4
6700,b0
6701,b3|b4
6702,b2|b3|b4
6703,b1|b2|b3|b4
6704,b2
6705,b1|b3|b4
6706,b0|b1|b2|b3|b4
6707,b0|b1|b2|b3|b4
6708,b3|b4
6709,b2|b3|b4
6710,b0|b1|b2|b3|b4
6711,b3
6712,b3
6713,b2|b3|b4
6714,b2|b3|b4
6715,b1|b2
6716,b1|b2|b4
6717,b3|b4
6718,b0|b1|b2|b3|b4
6719,b0|b1
6720,b0|b1|b2|b3|b4
6721,b0|b1|b2|b3
6722,b3|b4
6723,b1|b2|b3|b4
6724,b1|b2|b3|b4
6725,b0|b1|b2|b3|b4
6726,b1|b2
6727,b2|b4
6728,b2|b3|b4
6729,b4
6730,b4
6731,b0|b1|b2|b3|b4
6732,b1|b4
6733,b1|b2|b3|b4
6734,b2|b3|b4
6735,b0|b1|b2|b3|b4
6736,b1|b2|b3
6737,b0
6738,b0|b1|b2|b3|b4
6739,b1|b4
6740,b1|b2|b3|b4
6741,b2|b3|b4
6742,b1|b3
6743,b0|b1|b2|b3|b4
6744,b4
6745,b0|b1|b2|b3|b4
6746,b0|b1|b2|b3|b4
6747,b4
6748,b2|b3|b4
6749,b1|b2|b3|b4
6750,b1|b2|b3|b4
6751,b1|b2
6752,b1|b3
6753,b0|b3|b4
6754,b1|b2|b3|b4
6755,b0|b3|b4
6756,b0|b3|b4
6757,b1|b2|b3|b4
6758,b1|b2|b3|b4
6759,b0|b1|b3|b4
6760,b2
6761,b2|b3
6762,b1|b2|b3|b4
6763,b1|b2|b3
6764,b0|b1|b2|b3|b4
6765,b3|b4
6766,b0|b1|b2|b3|b4
6767,b1|b2|b3|b4
6768,b4
6769,b0|b3|b4
6770,b2|b3|b4
6771,b4
6772,b0|b1|b2|b3|b4
6773,b1|b2|b3|b4
6774,b0|b2|b3|b4
6775,b0|b1|b2|b3|b4
6776,b3|b4
6777,b2|b3|b4
6778,b0|b1|b2|b3|b4
6779,b0|b1|b2|b3|b4
6780,b0|b1|b2|b3|b4
6781,b1
6782,b0|b1|b2|b3|b4
6783,b2|b3|b4
6784,b0|b1
6785,b0|b1|b2|b3|b4
6786,b0|b1|b2|b3|b4
6787,b0|b1|b2|b3|b4
6788,b1|b3|b4
6789,b1|b2|b3|b4
6790,b0|b1|b2|b3|b4
6791,b0|b1|b2|b3|b4
6792,b4
6793,b0|b1|b2|b3|b4
6794,b2|b3
6795,b0|b1|b2|b3|b4
6796,b1|b2|b3|b4
6797,b4
6798,b2|b3|b4
6799,b4
6800,b0|b1|b2|b3|b4
6801,b0|b2|b3|b4
6802,b1|b2|b3|b4
6803,b0|b2|b3|b4
6804,b0|b1|b2|b4
6805,b0|b1
6806,b3|b4
6807,b0|b1|b2|b3|b4
6808,b0|b1|b2|b3|b4
6809,b1|b2|b3
6810,b2|b3|b4
6811,b1|b2|b3|b4
6812,b1|b4
6813,b2|b3
6814,b0|b1
6815,b3
6816,b1|b2|b3|b4
6817,b1|b3|b4
6818,b0|b1|b2|b3|b4
6819,b2|b3
6820,b4
6821,b1|b2|b3|b4
6822,b4
6823,b0|b1|b2|b3|b4
6824,b0|b1|b2|b4
6825,b1|b2|b3|b4
6826,b0|b1|b2|b3|b4
6827,b2
6828,b1|b2|b3|b4
6829,b4
6830,b0|b2
6831,b3|b4
6832,b0|b2
6833,b1|b2
6834,b3
6835,b1|b2|b3|b4
6836,b4
6837,b0|b1|b2|b4
6838,b0|b1|b2|b3|b4
6839,b0|b1|b2|b3|b4
6840,b1|b2|b3|b4
6841,b0|b1|b2|b3|b4
6842,b0|b1|b2|b3
6843,b0|b1|b2
6844,b4
6845,b2|b3
6846,b1|b2
6847,b0
6848,b0|b1|b2|b3|b4
6849,b4
6850,b4
6851,b4
6852,b4
6853,b1|b2|b3|b4
6854,b3|b4
6855,b3|b4
6856,b1|b2|b3
6857,b1|b2|b3|b4
6858,b2
6859,b3
6860,b0|b1|b2|b3|b4
6861,b0|b1|b2|b3|b4
6862,b1|b3|b4
6863,b2|b4
6864,b2
6865,b0|b1|b2
6866,b0|b1|b2|b3|b4
6867,b1|b2|b3|b4
6868,b1|b2|b4
6869,b0|b1|b2|b3|b4
6870,b1|b2|b3
6871,b0
6872,b0|b1|b2|b3|b4
6873,b0|b1|b2|b3|b4
6874,b1|b2|b3|b4
6875,b0|b1|b2|b3|b4
6876,b4
6877,b1|b2|b3|b4
6878,b0|b1|b2|b3|b4
6879,b2|b3
6880,b0|b1
6881,b2
6882,b0|b1
6883,b1|b2|b3|b4
6884,b0|b1|b2|b3|b4
6885,b0|b1|b2|b3|b4
6886,b0|b1|b3|b4
6887,b0|b1|b2|b4
6888,b1|b2|b3
6889,b2
6890,b0|b1|b2|b3|b4
6891,b0
6892,b3|b4
6893,b1|b3|b4
6894,b1|b2|b3|b4
6895,b0|b1|b2|b3|b4
6896,b0|b1|b2|b3|b4
6897,b0|b1|b2|b3|b4
6898,b3|b4
6899,b2|b3|b4
6900,b3|b4
6901,b1|b2|b3|b4
6902,b0|b2|b3|b4
6903,b0|b1|b2|b3|b4
6904,b1|b4
6905,b2|b3|b4
6906,b0|b1|b2|b3|b4
6907,b0|b2|b3|b4
6908,b0
6909,b0|b1|b2|b3|b4
6910,b2|b3|b4
6911,b1|b3|b4
6912,b0|b1|b3|b4
6913,b4
6914,b0|b2
6915,b3
6916,b1
6917,b2|b4
6918,b4
6919,b0|b1|b2|b3|b4
6920,b0|b1|b2|b3|b4
6921,b0|b1|b2|b3|b4
6922,b4
6923,b3|b4
6924,b1
6925,b0|b1|b2|b3|b4
6926,b0
6927,b4
6928,b2|b3|b4
6929,b0|b1|b2|b3
6930,b2|b3
6931,b0|b1|b3|b4
6932,b1
6933,b0|b1|b2|b3|b4
6934,b0
6935,b1|b2|b3
6936,b1
6937,b1|b3|b4
6938,b3|b4
6939,b2|b3
6940,b2|b3|b4
6941,b2|b3|b4
6942,b1|b3|b4
6943,b2|b3|b4
6944,b1|b2|b3
6945,b0|b3|b4
6946,b2|b4
6947,b0|b1|b2|b3|b4
6948,b0|b1|b2|b3|b4
6949,b3
6950,b0|b1|b2|b3|b4
6951,b0|b1|b2|b3
6952,b1|b2|b3|b4
6953,b4
6954,b0|b1|b2
6955,b2|b3|b4
6956,b0|b1|b2|b3|b4
6957,b4
6958,b1|b2|b3|b4
6959,b1|b2
6960,b0|b3
6961,b1|b2|b3
6962,b2|b3|b4
6963,b0|b2|b3|b4
6964,b3|b4
6965,b2
6966,b0|b3
6967,b1|b2|b3|b4
6968,b0|b1|b2|b3|b4
6969,b0|b1|b2|b3
6970,b0|b1|b2|b3|b4
6971,b1|b2|b3|b4
6972,b0|b1|b2|b3|b4
6973,b3|b4
6974,b0|b1|b2|b4
6975,b0|b2
6976,b0|b1|b2|b3|b4
6977,b3
6978,b1|b2|b3|b4
6979,b1|b3
6980,b4
6981,b0|b1
6982,b3
6983,b0
6984,b2|b3|b4
6985,b1|b2|b3|b4
6986,b4
6987,b2|b3
6988,b4
6989,b0|b4
6990,b2|b4
6991,b4
6992,b1|b2|b3|b4
6993,b0|b1|b2|b3|b4
6994,b0|b1
6995,b2|b3|b4
6996,b4
6997,b0|b1|b4
6998,b0|b1|b2|b3|b4
6999,b0|b1|b2|b3|b4
7000,b0
7001,b2
7002,b1|b3|b4
7003,b0|b1|b2|b3|b4
7004,b4
7005,b1|b2|b3|b4
7006,b3
7007,b1|b2|b4
7008,b0|b1|b2|b3|b4
7009,b0|b1|b2|b3|b4
7010,b3|b4
7011,b3|b4
7012,b1|b4
7013,b1
7014,b4
7015,b1|b2|b3|b4
7016,b0|b1|b2|b3|b4
7017,b1|b2|b3
7018,b0|b1|b2
7019,b1|b2|b3|b4
7020,b0|b1|b2|b3|b4
7021,b1|b2|b3|b4
7022,b0|b1|b2|b3|b4
7023,b1|b2|b3|b4
7024,b2|b3|b4
7025,b3
7026,b1|b2|b3|b4
7027,b0|b1|b2|b3
7028,b0|b1|b2|b3|b4
7029,b1|b3
7030,b0|b1|b2|b3|b4
7031,b0|b1|b2|b3|b4
7032,b0|b1|b2|b3
7033,b2|b3|b4
7034,b1|b2|b3
7035,b0|b1|b2|b3|b4
7036,b1|b2|b3|b4
7037,b2
7038,b1|b2|b3|b4
7039,b0|b1|b2|b3|b4
7040,b0|b1|b2
7041,b1|b4
7042,b0|b1|b2|b3|b4
7043,b1|b3|b4
7044,b1|b2|b3|b4
7045,b1
7046,b4
7047,b0|b1|b2|b3|b4
7048,b1|b2|b4
7049,b0|b1|b2|b3|b4
7050,b0|b1|b2|b3|b4
7051,b3|b4
7052,b0|b1|b2|b3|b4
7053,b0|b1|b2|b3|b4
7054,b1|b3|b4
7055,b1|b2|b4
7056,b2
7057,b0|b1|b2|b3|b4
7058,b0|b1|b2|b3|b4
7059,b0|b1|b2|b3|b4
7060,b3
7061,b0|b1
7062,b1|b3|b4
7063,b0|b1|b2|b3|b4
7064,b0|b3|b4
7065,b0|b1|b2|b3|b4
7066,b1|b3|b4
7067,b1|b2|b3|b4
7068,b0|b2
7069,b2|b3|b4
7070,b1|b2|b4
7071,b1|b2|b3|b4
7072,b2
7073,b1|b2|b3|b4
7074,b4
7075,b0|b1|b2|b4
7076,b4
7077,b0|b1|b2|b3|b4
7078,b0|b2|b3|b4
7079,b1|b2|b3|b4
7080,b4
7081,b0|b3
7082,b0
7083,b1
7084,b3
7085,b1|b2|b3|b4
7086,b4
7087,b0|b1|b2|b3|b4
7088,b1|b3
7089,b1|b2|b3|b4
7090,b1|b2|b3|b4
7091,b1|b2|b4
7092,b0|b2
7093,b0|b1
7094,b4
7095,b0|b1|b3|b4
7096,b4
7097,b0|b1|b2|b3|b4
7098,b0|b1|b2|b3|b4
7099,b2
7100,b1|b2|b3|b4
7101,b1|b2
7102,b2|b3|b4
7103,b4
7104,b3|b4
7105,b0|b2
7106,b0|b1|b2|b3|b4
7107,b4
7108,b2
7109,b1
7110,b2|b3|b4
7111,b1|b3|b4
7112,b2
7113,b3|b4
7114,b0|b1|b2|b3|b4
7115,b0|b1|b2|b3|b4
7116,b0|b1|b2|b3|b4
7117,b4
7118,b3
7119,b0
7120,b1|b3|b4
7121,b0|b1|b2|b3|b4
7122,b0|b1|b2|b3|b4
7123,b2|b3|b4
7124,b4
7125,b2|b3|b4
7126,b0
7127,b0|b1|b2|b3|b4
7128,b3
7129,b0|b1|b4
7130,b0|b1|b2|b3|b4
7131,b1|b2|b4
7132,b0|b1|b2|b3|b4
7133,b1
7134,b1|b2|b3
7135,b2|b3|b4
7136,b1|b2|b3|b4
7137,b1|b2|b3|b4
7138,b0|b1|b2|b3|b4
7139,b1|b3|b4
7140,b0|b3|b4
7141,b4
7142,b0
7143,b3|b4
7144,b4
7145,b2|b3|b4
7146,b0|b1|b2|b3|b4
7147,b3|b4
7148,b0|b1|b2|b3|b4
7149,b0|b1|b2|b3|b4
7150,b0|b2|b3|b4
7151,b0|b1|b2|b4
7152,b1|b2|b3
7153,b3|b4
7154,b2
7155,b1|b2|b3|b4
7156,b3
7157,b0|b1|b2|b3|b4
7158,b0|b1|b2|b3|b4
7159,b0|b1|b2|b3|b4
7160,b0
7161,b3
7162,b2|b3|b4
7163,b1|b2|b3
7164,b0|b1|b3|b4
7165,b0
7166,b0|b1|b2|b3|b4
7167,b0
7168,b3|b4
7169,b0|b1|b2|b3|b4
7170,b0|b1|b2|b3|b4
7171,b2|b3|b4
7172,b2|b3
7173,b3
7174,b2|b3
7175,b0|b1
7176,b3
7177,b0
7178,b0|b1|b2|b3|b4
7179,b1|b2|b3|b4
7180,b1
7181,b0|b3
7182,b1|b2
7183,b4
7184,b2|b3|b4
7185,b0|b1|b2|b3|b4
7186,b3|b4
7187,b0|b1|b2|b4
7188,b1|b2|b3|b4
7189,b1|b2|b4
7190,b1|b2|b3|b4
7191,b1|b2|b3
7192,b0|b1|b2|b3|b4
7193,b0|b1|b2|b3|b4
7194,b2|b3|b4
7195,b0|b1|b2|b3|b4
7196,b0|b1|b2|b3|b4
7197,b0|b2|b3|b4
7198,b0|b1|b2|b3|b4
7199,b1|b2
7200,b3
7201,b1|b3|b4
7202,b1|b2|b3
7203,b1|b3|b4
7204,b4
7205,b0|b1|b3
7206,b3|b4
7207,b3|b4
7208,b1
7209,b1|b2|b3|b4
7210,b0|b1|b2|b3|b4
7211,b0
7212,b0|b1|b2|b3|b4
7213,b1|b2|b3|b4
7214,b1|b2|b3|b4
7215,b1|b2|b3|b4
7216,b2
7217,b2
7218,b0|b1|b2|b3|b4
7219,b3|b4
7220,b0|b1|b2|b3|b4
7221,b4
7222,b0|b1|b2|b3|b4
7223,b4
7224,b1|b2|b3|b4
7225,b0|b1|b3
7226,b3
7227,b0|b1|b2|b3|b4
7228,b1|b2|b3
7229,b1|b2|b3|b4
7230,b1|b2|b4
7231,b0|b2|b3
7232,b3|b4
7233,b1|b2|b3|b4
7234,b1
7235,b2|b4
7236,b2
7237,b4
7238,b0|b1|b2
7239,b2|b3
7240,b2
7241,b1|b2|b3|b4
7242,b0|b1|b2
7243,b0|b1|b2|b3
7244,b4
7245,b2|b3|b4
7246,b3|b4
7247,b1|b2|b3|b4
7248,b2|b3|b4
7249,b0|b1|b2|b3|b4
7250,b1|b3|b4
7251,b3|b4
7252,b1|b2|b3|b4
7253,b2|b3|b4
7254,b1
7255,b1
7256,b4
7257,b2|b3|b4
7258,b2|b3|b4
7259,b0|b1|b2|b3|b4
7260,b2|b3
7261,b2|b4
7262,b0|b1|b2|b3|b4
7263,b0|b1|b2|b3|b4
7264,b3|b4
7265,b0
7266,b4
7267,b0
7268,b3
7269,b0|b1|b2|b3|b4
7270,b1|b2|b3|b4
7271,b0|b1
7272,b1|b2|b3|b4
7273,b0|b2|b4
7274,b1|b3|b4
7275,b0|b1|b2|b3|b4
7276,b0|b1|b2|b3|b4
7277,b0|b1|b2|b3|b4
7278,b2|b3|b4
7279,b2|b3|b4
7280,b2|b3|b4
7281,b0|b1|b2|b4
7282,b0|b1|b2|b3|b4
7283,b3|b4
7284,b2|b3|b4
7285,b2|b3|b4
7286,b2|b3|b4
7287,b0|b1|b2|b3|b4
7288,b3|b4
7289,b1|b2|b3|b4
7290,b2|b3|b4
7291,b2|b3|b4
7292,b3
7293,b0|b1|b2|b3|b4
7294,b4
7295,b0|b1|b2|b3|b4
7296,b2|b3|b4
7297,b0|b1|b4
7298,b1|b2|b3|b4
7299,b1|b2|b3
7300,b3
7301,b1|b2|b4
7302,b0|b2|b4
7303,b1|b2
7304,b3|b4
7305,b0|b4
7306,b1|b2|b3|b4
7307,b2|b3|b4
7308,b0
7309,b1
7310,b4
7311,b0|b1|b2|b3
7312,b1|b2|b3|b4
7313,b1|b2|b3|b4
7314,b1|b2|b3
7315,b3|b4
7316,b4
7317,b1|b2|b3|b4
7318,b3
7319,b1|b2|b3|b4
7320,b3
7321,b0|b1|b2|b3|b4
7322,b0
7323,b2|b3
7324,b4
7325,b0
7326,b0|b1|b2|b3|b4
7327,b3
7328,b1|b2|b3|b4
7329,b0|b1|b2|b3|b4
7330,b0|b1|b2|b3|b4
7331,b0|b1|b2|b3|b4
7332,b1|b3|b4
7333,b1
7334,b0|b1|b2|b3|b4
7335,b2|b3|b4
7336,b1|b2|b3|b4
7337,b2
7338,b1|b2|b3|b4
7339,b1|b4
7340,b1|b2|b3|b4
7341,b1|b2|b3|b4
7342,b1|b2|b3|b4
7343,b2|b4
7344,b1|b2|b3|b4
7345,b1|b2|b3|b4
7346,b2|b3|b4
7347,b0|b1|b2|b3|b4
7348,b1|b3|b4
7349,b1|b2|b3|b4
7350,b0|b1|b2
7351,b1|b2|b3|b4
7352,b1
7353,b2|b3|b4
7354,b4
7355,b1|b2|b3|b4
7356,b1|b2|b4
7357,b1|b2
7358,b3|b4
7359,b3|b4
7360,b0|b1|b2|b3|b4
7361,b1|b2|b3|b4
7362,b2|b4
7363,b2|b3|b4
7364,b0|b3
7365,b2|b3|b4
7366,b4
7367,b1|b2|b3|b4
7368,b0|b1|b2|b3
7369,b2|b3|b4
7370,b1|b2|b3|b4
7371,b1|b2|b3|b4
7372,b0|b1|b2|b3|b4
7373,b2|b3
7374,b4
7375,b1|b2|b3|b4
7376,b0
7377,b0|b1|b2|b3
7378,b2|b3|b4
7379,b2
7380,b4
7381,b0|b2|b3
7382,b2
7383,b0|b2|b3|b4
7384,b3|b4
7385,b3
7386,b0|b1|b2|b3|b4
7387,b0|b4
7388,b0|b1|b2|b3|b4
7389,b0|b1|b2|b3|b4
7390,b2|b4
7391,b0|b1|b2|b3|b4
7392,b3|b4
7393,b1|b2|b3|b4
7394,b0
7395,b1|b2|b3|b4
7396,b0|b1
7397,b2|b3
7398,b2|b3|b4
7399,b2|b3
7400,b2|b4
7401,b1|b3
7402,b1|b2|b3|b4
7403,b3|b4
7404,b0|b1|b2|b3
7405,b2|b3|b4
7406,b1
7407,b0|b1|b2|b3|b4
7408,b0|b1|b2|b3|b4
7409,b0|b2|b3
7410,b1|b2|b3
7411,b0
7412,b0|b1|b2|b4
7413,b3
7414,b1|b3
7415,b2|b4
7416,b0|b1|b2|b3|b4
7417,b1|b3|b4
7418,b1|b2|b3
7419,b4
7420,b2
7421,b1|b3|b4
7422,b1
7423,b2|b3|b4
7424,b2
7425,b0|b1|b2|b3|b4
7426,b4
7427,b1|b3|b4
7428,b2|b3
7429,b0|b1|b2|b3|b4
7430,b2|b4
7431,b4
7432,b0
7433,b1|b2|b3
7434,b0|b2|b3
7435,b1|b2
7436,b0|b2|b3
7437,b1|b2|b3|b4
7438,b0|b1|b2|b3|b4
7439,b0|b1|b2|b3
7440,b2|b4
7441,b0
7442,b2|b3|b4
7443,b0|b1
7444,b0|b1|b2|b3|b4
7445,b1|b2|b4
7446,b0|b1|b2|b3|b4
7447,b1|b2|b4
7448,b2
7449,b3
7450,b0|b1|b2|b3|b4
7451,b0|b1|b2|b3|b4
7452,b4
7453,b4
7454,b3|b4
7455,b2|b3|b4
7456,b1|b2|b3
7457,b0|b2|b3|b4
7458,b1|b3
7459,b2|b3
7460,b2|b3
7461,b1|b2
7462,b3
7463,b2|b3|b4
7464,b1|b2
7465,b1|b2|b3|b4
7466,b3
7467,b0|b4
7468,b1|b2|b3|b4
7469,b0
7470,b0|b1
7471,b0|b1|b2|b3
7472,b1|b4
7473,b4
7474,b3
7475,b3
7476,b4
7477,b1|b3|b4
7478,b1|b2|b3|b4
7479,b0|b1|b2|b3|b4
7480,b1|b3|b4
7481,b1
7482,b2|b3|b4
7483,b0|b1|b4
7484,b4
7485,b0|b1|b2
7486,b1|b2
7487,b2|b3|b4
7488,b1|b2|b3|b4
7489,b0|b1|b4
7490,b2|b3|b4
7491,b0|b3|b4
7492,b0|b1|b2|b3|b4
7493,b1|b2
7494,b2|b3|b4
7495,b2|b3|b4
7496,b4
7497,b0
7498,b2|b4
7499,b3|b4
7500,b1|b2|b3|b4
7501,b0|b1|b2
7502,b2
7503,b0|b1|b2|b3|b4
7504,b1|b2|b3|b4
7505,b1|b2|b3
7506,b0|b1|b2|b3|b4
7507,b0|b1
7508,b0
7509,b0
7510,b1|b2|b3|b4
7511,b3|b4
7512,b4
7513,b0|b1|b2|b3|b4
7514,b0|b1|b2
7515,b3
7516,b3
7517,b1|b2|b3|b4
7518,b1|b2|b3|b4
7519,b1|b2|b3|b4
7520,b4
7521,b1|b2
7522,b0|b1|b2|b3|b4
7523,b0|b1|b2|b3|b4
7524,b1|b2|b3|b4
7525,b4
7526,b1|b2|b4
7527,b2
7528,b0|b2|b3|b4
7529,b2|b3|b4
7530,b3|b4
7531,b4
7532,b1|b2|b3|b4
7533,b1|b4
7534,b0|b1|b2|b3|b4
7535,b1|b2|b3|b4
7536,b2|b3|b4
7537,b1|b2|b3
7538,b0|b1|b2|b3
7539,b1|b2|b3|b4
7540,b3
7541,b1|b2|b3|b4
7542,b0|b1|b2|b3
7543,b0|b1|b3
7544,b1|b2|b3
7545,b1|b2|b3|b4
7546,b2|b3
7547,b2|b3|b4
7548,b0|b3|b4
7549,b0|b1|b2|b3|b4
7550,b0
7551,b0
7552,b2|b3|b4
7553,b1|b2|b3|b4
7554,b1|b2|b3|b4
7555,b3|b4
7556,b0|b1|b2|b4
7557,b0|b1|b2|b3|b4
7558,b0|b1|b2|b3|b4
7559,b2
7560,b2|b3|b4
7561,b4
7562,b1|b2|b3|b4
7563,b0
7564,b0|b1|b3|b4
7565,b1|b2|b4
7566,b4
7567,b0|b1|b2|b3|b4
7568,b0|b1|b2|b3|b4
7569,b0|b1|b2|b3|b4
7570,b4
7571,b3
7572,b0|b2
7573,b0|b1|b2|b3|b4
7574,b0
7575,b3
7576,b0|b1|b2|b3|b4
7577,b0|b1|b2|b3|b4
7578,b1|b2|b4
7579,b0|b1|b2|b3|b4
7580,b0|b1|b2|b3|b4
7581,b2|b4
7582,b2|b3|b4
7583,b0|b2|b3
7584,b1|b2|b3
7585,b0|b1|b2|b3|b4
7586,b4
7587,b3|b4
7588,b2|b4
7589,b0|b1|b2|b3|b4
7590,b0|b1|b2|b3|b4
7591,b0|b2|b4
7592,b2
7593,b2|b3|b4
7594,b0|b1|b2
7595,b2
7596,b2|b3|b4
7597,b0|b1|b2|b3|b4
7598,b0|b1|b2|b3|b4
7599,b0|b1|b4
7600,b3|b4
7601,b0|b1|b2|b3|b4
7602,b0
7603,b4
7604,b0|b1|b2|b3|b4
7605,b2|b3
7606,b1|b2|b4
7607,b4
7608,b0|b1|b3|b4
7609,b1|b2|b3|b4
7610,b1|b2|b3|b4
7611,b0|b1|b2|b3|b4
7612,b4
7613,b1|b2|b3|b4
7614,b1|b3
7615,b3|b4
7616,b0|b1|b2|b3|b4
7617,b1|b2|b3|b4
7618,b0|b2|b3|b4
7619,b0|b1|b2|b3|b4
7620,b3|b4
7621,b2|b4
7622,b2
7623,b0|b4
7624,b1|b3|b4
7625,b1|b2|b4
7626,b0|b1|b2|b3|b4
7627,b0|b1|b2|b4
7628,b1|b2|b3|b4
7629,b0|b1|b2|b3
7630,b1|b2|b3|b4
7631,b0|b1|b2|b4
7632,b1|b2|b3|b4
7633,b1|b2|b3|b4
7634,b4
7635,b1|b2|b4
7636,b2|b3|b4
7637,b0|b1|b2|b3|b4
7638,b0|b1|b2|b3|b4
7639,b2|b3
7640,b0|b1|b2|b4
7641,b1|b3|b4
7642,b0|b1|b2|b4
7643,b0|b2|b3|b4
7644,b3|b4
7645,b2|b3|b4
7646,b0|b1|b2|b3|b4
7647,b0|b1|b2|b3|b4
7648,b1|b2|b3
7649,b2|b3|b4
7650,b0|b1|b2|b3|b4
7651,b4
7652,b0|b1|b2|b3|b4
7653,b1|b2|b3
7654,b1|b2|b3
7655,b1|b2|b3|b4
7656,b2
7657,b3|b4
7658,b0|b1|b2|b3|b4
7659,b0|b1|b2|b3|b4
7660,b1|b2|b3|b4
7661,b2|b3
7662,b1|b2|b3
7663,b1|b2|b3|b4
7664,b2|b3
7665,b3|b4
7666,b1|b3|b4
7667,b0|b1|b2|b3|b4
7668,b3|b4
7669,b0|b1|b2|b3|b4
7670,b0|b1|b2|b3
7671,b2|b3|b4
7672,b2|b3|b4
7673,b1|b2|b3|b4
7674,b1|b3
7675,b3|b4
7676,b1
7677,b0|b1|b2|b3|b4
7678,b0|b1|b2|b3|b4
7679,b4
7680,b2|b3|b4
7681,b0|b1|b2|b3|b4
7682,b1|b2|b3|b4
7683,b0
7684,b0|b1|b2|b3|b4
7685,b2
7686,b0|b1|b2|b3|b4
7687,b0|b1|b2|b3|b4
7688,b1|b2|b3|b4
7689,b3|b4
7690,b1|b2|b3|b4
7691,b2|b3|b4
7692,b0|b1
7693,b1|b2|b3|b4
7694,b1|b2|b3|b4
7695,b0|b1
7696,b0|b4
7697,b2
7698,b0|b1|b2|b3|b4
7699,b0|b1|b3|b4
7700,b1|b2|b3|b4
7701,b0|b1|b2|b3|b4
7702,b1
7703,b1|b2|b3|b4
7704,b2|b3|b4
7705,b3
7706,b0
7707,b4
7708,b1|b2|b3|b4
7709,b1
7710,b2
7711,b0|b1|b2|b3
7712,b3|b4
7713,b2|b3
7714,b2|b3|b4
7715,b3
7716,b2|b3|b4
7717,b0|b3|b4
7718,b4
7719,b2|b4
7720,b2|b4
7721,b3|b4
7722,b0|b4
7723,b4
7724,b3|b4
7725,b1|b2
7726,b4
7727,b0|b4
7728,b2|b3|b4
7729,b4
7730,b1|b2|b3
7731,b0|b1|b2|b3|b4
7732,b1|b2|b3|b4
7733,b2|b3
7734,b2|b3|b4
7735,b3
7736,b3|b4
7737,b1
7738,b1|b2|b3|b4
7739,b1|b2
7740,b3|b4
7741,b1|b2|b3|b4
7742,b0|b3|b4
7743,b0|b1|b2|b4
7744,b3
7745,b0
7746,b1|b2|b3|b4
7747,b2|b3|b4
7748,b0|b1|b2|b3
7749,b2
7750,b4
7751,b2|b4
7752,b1|b2|b3|b4
7753,b1|b2
7754,b0|b1|b2|b3|b4
7755,b0|b1|b2|b3|b4
7756,b1|b2|b4
7757,b1|b2|b3|b4
7758,b1|b2|b3|b4
7759,b1|b2|b3|b4
7760,b2|b4
7761,b4
7762,b1|b2|b3|b4
7763,b2
7764,b0|b1|b2|b3|b4
7765,b4
7766,b4
7767,b0|b1|b2|b3
7768,b0|b1|b2|b3|b4
7769,b2|b3|b4
7770,b0|b1|b2|b3|b4
7771,b0|b1|b2|b3|b4
7772,b4
7773,b3
7774,b0|b1|b4
7775,b0|b1|b2|b3|b4
7776,b0|b1|b2|b3|b4
7777,b1
7778,b0
7779,b1|b2|b3|b4
7780,b1|b2
7781,b2|b3|b4
7782,b0|b1|b2|b3|b4
7783,b1
7784,b2|b3|b4
7785,b2|b3|b4
7786,b1|b2
7787,b2|b3
7788,b0|b1|b2|b3|b4
7789,b0|b1|b2|b3|b4
7790,b3|b4
7791,b0|b1|b2|b3
7792,b1|b2|b3|b4
7793,b4
7794,b1|b2|b3
7795,b1|b2|b3|b4
7796,b3
7797,b0|b1|b2|b3|b4
7798,b0|b1|b3|b4
7799,b0|b1|b2|b3|b4
7800,b1
7801,b1|b2|b3|b4
7802,b0|b1|b2|b3
7803,b0|b1|b2|b3|b4
7804,b0|b1|b2|b3|b4
7805,b3
7806,b0|b1|b2|b3|b4
7807,b1|b2|b3|b4
7808,b2|b3|b4
7809,b0|b1|b2|b3|b4
7810,b2|b3|b4
7811,b0|b1|b2|b3
7812,b0|b1|b2|b3|b4
7813,b1|b3|b4
7814,b0|b1|b2|b3|b4
7815,b3
7816,b0|b1|b2|b3|b4
7817,b2
7818,b1
7819,b0|b1
7820,b2|b3|b4
7821,b0|b1|b2|b3|b4
7822,b1|b3|b4
7823,b2|b3|b4
7824,b2|b3|b4
7825,b3|b4
7826,b0|b1|b2
7827,b4
7828,b1
7829,b0|b1|b2|b3|b4
7830,b2
7831,b0|b1|b2|b3|b4
7832,b0|b1|b2|b3|b4
7833,b0|b1|b2|b3|b4
7834,b2|b3|b4
7835,b1|b3|b4
7836,b2
7837,b0|b4
7838,b1|b2|b3
7839,b4
7840,b1
7841,b3
7842,b1|b2|b4
7843,b2|b3|b4
7844,b1|b2|b4
7845,b1|b2|b3|b4
7846,b4
7847,b1|b3|b4
7848,b0|b1|b2|b3|b4
7849,b0|b1|b2|b3|b4
7850,b2|b4
7851,b1
7852,b0|b1|b2|b3|b4
7853,b1|b2|b4
7854,b0|b1|b2
7855,b1
7856,b2
7857,b2|b3|b4
7858,b2|b3|b4
7859,b2|b3|b4
7860,b1|b3|b4
7861,b0|b1|b2|b3|b4
7862,b1
7863,b0|b1|b2|b3|b4
7864,b4
7865,b0|b1|b2|b3|b4
7866,b1|b2
7867,b0|b1|b2|b3|b4
7868,b1|b4
7869,b4
7870,b1|b2|b3|b4
7871,b0|b2|b4
7872,b0|b1|b2|b3
7873,b0|b1|b2|b3|b4
7874,b1|b2|b3
7875,b1|b2|b4
7876,b1|b2|b3|b4
7877,b2
7878,b0
7879,b1|b2
7880,b2|b3|b4
7881,b4
7882,b0|b1|b3|b4
7883,b0|b3
7884,b4
7885,b2|b4
7886,b1|b2
7887,b2|b4
7888,b3
7889,b0|b1
7890,b0|b1|b2|b3|b4
7891,b3
7892,b0|b1|b2|b3|b4
7893,b3|b4
7894,b3|b4
7895,b1|b4
7896,b3|b4
7897,b2|b3|b4
7898,b1|b2|b3|b4
7899,b0
7900,b1|b2|b3|b4
7901,b1|b2|b3|b4
7902,b0|b1|b2|b3|b4
7903,b2|b3|b4
7904,b1|b3|b4
7905,b0|b1|b2|b3|b4
7906,b0|b1|b2|b3|b4
7907,b0|b1|b2|b3|b4
7908,b3|b4
7909,b2|b3|b4
7910,b3|b4
7911,b2|b3
7912,b4
7913,b0|b3|b4
7914,b3|b4
7915,b0|b1|b2|b3|b4
7916,b0|b1|b3
7917,b0|b1|b3|b4
7918,b0|b1|b4
7919,b0|b1|b2|b3|b4
7920,b3|b4
7921,b3|b4
7922,b0
7923,b2|b3|b4
7924,b2|b4
7925,b3|b4
7926,b0|b1|b2|b3|b4
7927,b0|b1|b2|b3|b4
7928,b2|b3|b4
7929,b0|b2
7930,b0|b1|b2|b3|b4
7931,b0|b1|b2|b3
7932,b2|b4
7933,b4
7934,b0|b1|b2|b3|b4
7935,b1|b2|b3|b4
7936,b2|b3|b4
7937,b2|b4
7938,b3|b4
7939,b0|b1|b3|b4
7940,b3|b4
7941,b1|b2|b3|b4
7942,b2
7943,b0|b1|b2|b3|b4
7944,b1|b2|b3|b4
7945,b0|b2
7946,b3|b4
7947,b0|b1|b2|b3|b4
7948,b4
7949,b1|b2|b3|b4
7950,b1
7951,b1|b2|b3|b4
7952,b0|b1|b2|b3|b4
7953,b0|b1|b2
7954,b0|b1|b2|b3|b4
7955,b0|b1
7956,b3|b4
7957,b0
7958,b0|b1|b2|b3|b4
7959,b0|b3
7960,b3
7961,b4
7962,b1|b2|b3|b4
7963,b0|b1|b2|b3|b4
7964,b1|b2|b3|b4
7965,b3|b4
7966,b1|b2|b3
7967,b4
7968,b0|b1|b3|b4
7969,b0|b1|b2|b3|b4
7970,b3|b4
7971,b2|b4
7972,b4
7973,b2|b4
7974,b0
7975,b4
7976,b2|b3
7977,b0|b2|b3|b4
7978,b0|b1|b2|b3|b4
7979,b0
7980,b1|b2|b3|b4
7981,b4
7982,b0|b1|b2|b3|b4
7983,b0|b1|b2|b3|b4
7984,b2|b4
7985,b3|b4
7986,b4
7987,b2
7988,b0|b1|b2|b3|b4
7989,b0
7990,b2|b3|b4
7991,b1|b2|b3|b4
7992,b1|b2|b3|b4
7993,b1|b2|b3|b4
7994,b2
7995,b0|b1|b2|b3|b4
7996,b2|b4
7997,b2|b3|b4
7998,b2|b3|b4
7999,b1|b4
8000,b0
8001,b1|b2|b3
8002,b1|b2
8003,b2|b3|b4
8004,b4
8005,b0|b1|b2|b3|b4
8006,b0|b1|b2|b3|b4
8007,b4
8008,b2|b4
8009,b0|b2
8010,b2|b3|b4
8011,b1|b2|b3|b4
8012,b2|b4
8013,b0|b1|b2|b3|b4
8014,b3
8015,b0|b3|b4
8016,b0|b2
8017,b1|b2|b3|b4
8018,b2|b4
8019,b3|b4
8020,b0|b2|b3|b4
8021,b1|b2|b4
8022,b0|b1|b2|b3|b4
8023,b2|b3|b4
8024,b1|b2|b3|b4
8025,b0|b1|b2|b3|b4
8026,b3|b4
8027,b2
8028,b0|b1|b2|b3|b4
8029,b0|b1|b2|b3|b4
8030,b0|b1|b2|b3|b4
8031,b1|b2|b3|b4
8032,b0|b1
8033,b1|b2
8034,b3|b4
8035,b0|b1|b2|b3
8036,b0|b1|b2|b3|b4
8037,b0|b2|b3|b4
8038,b0|b1|b2|b3|b4
8039,b0|b1|b2|b3|b4
8040,b0|b1|b2|b3|b4
8041,b3|b4
8042,b1|b2|b3|b4
8043,b0|b1|b2|b3|b4
8044,b0|b3
8045,b3|b4
8046,b1
8047,b1|b2
8048,b1|b2|b3|b4
8049,b1|b2
8050,b3|b4
8051,b1|b2|b3|b4
8052,b1|b2|b4
8053,b0|b1|b2|b3|b4
8054,b2|b3|b4
8055,b0|b1
8056,b1|b2|b3|b4
8057,b0|b2|b4
8058,b1|b2|b3|b4
8059,b4
8060,b0
8061,b0|b2|b3|b4
8062,b3|b4
8063,b0|b3|b4
8064,b0|b1|b2|b3|b4
8065,b0|b1|b2|b3|b4
8066,b0|b3|b4
8067,b2|b3|b4
8068,b4
8069,b3|b4
8070,b1|b2|b3|b4
8071,b1|b3|b4
8072,b0|b1
8073,b1|b2|b3|b4
8074,b4
8075,b1|b2|b3|b4
8076,b0|b3
8077,b3
8078,b1|b3|b4
8079,b4
8080,b0|b2
8081,b1|b2|b3|b4
8082,b1|b2|b3|b4
8083,b3
8084,b0|b1|b2|b3|b4
8085,b0|b1|b2|b3
8086,b2|b3|b4
8087,b1|b2|b3
8088,b1|b2|b3|b4
8089,b0
8090,b3|b4
8091,b0|b1|b2|b3|b4
8092,b2|b3|b4
8093,b2
8094,b4
8095,b1|b2|b4
8096,b0|b1|b2|b3|b4
8097,b0|b1|b2|b3|b4
8098,b2|b3|b4
8099,b4
8100,b1|b2|b4
8101,b1
8102,b1|b3
8103,b4
8104,b0
8105,b1|b2|b3|b4
8106,b2|b3|b4
8107,b0|b1|b2|b3|b4
8108,b2|b3
8109,b3
8110,b1
8111,b0|b1|b2|b3
8112,b1|b2|b3|b4
8113,b2|b3|b4
8114,b0
8115,b1|b2|b4
8116,b3
8117,b0|b1|b2|b3|b4
8118,b0|b1|b2|b3|b4
8119,b1|b2|b3
8120,b0|b1|b2|b3|b4
8121,b1|b2|b3
8122,b3
8123,b3|b4
8124,b4
8125,b1
8126,b3
8127,b0|b3
8128,b2
8129,b1|b3|b4
8130,b0|b1|b2|b3|b4
8131,b1|b2|b3
8132,b0|b1|b2|b3|b4
8133,b0|b1|b2|b3|b4
8134,b3|b4
8135,b4
8136,b2|b3|b4
8137,b0|b1|b2|b3|b4
8138,b0|b1|b2|b3|b4
8139,b1|b2|b3|b4
8140,b0|b1|b2|b3
8141,b3|b4
8142,b4
8143,b1|b2|b3
8144,b2
8145,b0|b1|b2|b3|b4
8146,b0|b1|b2|b3|b4
8147,b0|b1|b2|b3|b4
8148,b0|b1|b2|b3|b4
8149,b4
8150,b2|b3|b4
8151,b0|b1|b2|b3
8152,b2|b3|b4
8153,b3|b4
8154,b0|b1|b2|b3|b4
8155,b4
8156,b0|b1|b2|b3|b4
8157,b0|b1|b2|b3|b4
8158,b0|b1|b2|b3|b4
8159,b1|b4
8160,b1|b2|b3|b4
8161,b1|b2|b3
8162,b2
8163,b0|b1|b4
8164,b0|b1|b2|b3|b4
8165,b1|b3|b4
8166,b3|b4
8167,b3|b4
8168,b1|b2|b3|b4
8169,b3
8170,b4
8171,b0|b1|b2|b3|b4
8172,b1|b2|b3|b4
8173,b0|b1|b2|b3|b4
8174,b0|b1|b2|b3|b4
8175,b0|b1
8176,b2|b4
8177,b4
8178,b0|b1|b2|b3|b4
8179,b4
8180,b4
8181,b0|b1|b2|b3|b4
8182,b0|b2|b4
8183,b2
8184,b1|b2|b3|b4
8185,b0|b1|b2|b3|b4
8186,b1|b2|b3
8187,b0|b2|b4
8188,b2|b3|b4
8189,b0|b1|b2
8190,b1|b2|b3|b4
8191,b0|b2|b3|b4
8192,b4
8193,b1|b2|b3|b4
8194,b1
8195,b4
8196,b1|b3
8197,b0
8198,b1|b2|b3|b4
8199,b2|b3
8200,b1|b2|b3|b4
8201,b0|b1|b2|b3|b4
8202,b1
8203,b3|b4
8204,b0|b1
8205,b0|b1|b2|b3|b4
8206,b2|b4
8207,b1|b3|b4
8208,b0|b1|b2|b3|b4
8209,b1|b2
8210,b0|b1|b2|b3|b4
8211,b0|b1|b2|b3
8212,b2|b3|b4
8213,b0|b3|b4
8214,b2|b3
8215,b0|b1|b2|b3|b4
8216,b1|b2|b3|b4
8217,b0|b1|b2|b3|b4
8218,b1|b2|b3
8219,b2|b4
8220,b1|b3
8221,b2|b3|b4
8222,b3|b4
8223,b3|b4
8224,b0|b1|b2|b3|b4
8225,b0|b1|b2|b3|b4
8226,b1|b2|b3|b4
8227,b2|b3|b4
8228,b0|b1|b2|b3|b4
8229,b1|b2|b3|b4
8230,b0|b1|b2|b3|b4
8231,b3|b4
8232,b3
8233,b1|b2|b4
8234,b2
8235,b0
8236,b1|b2|b3|b4
8237,b1|b2|b4
8238,b1|b2|b3|b4
8239,b0|b1|b2|b3|b4
8240,b1|b2|b3
8241,b1
8242,b2|b4
8243,b3
8244,b4
8245,b0|b1|b3|b4
8246,b1|b2|b3|b4
8247,b1|b3|b4
8248,b3|b4
8249,b2|b3|b4
8250,b0|b1|b2|b3|b4
8251,b1|b2|b4
8252,b0|b1|b2|b3|b4
8253,b0|b1|b2|b3|b4
8254,b0|b1|b2|b3|b4
8255,b2
8256,b0|b1|b2|b3|b4
8257,b1|b2|b4
8258,b2|b3|b4
8259,b2|b3|b4
8260,b0|b2|b3|b4
8261,b2
8262,b1|b2|b3|b4
8263,b4
8264,b0|b1|b2|b3|b4
8265,b0|b1|b2|b4
8266,b0|b1|b2|b3|b4
8267,b2|b3
8268,b0|b1|b2|b3|b4
8269,b3
8270,b2|b3
8271,b1|b2|b3|b4
8272,b2|b3
8273,b3|b4
8274,b2
8275,b0|b1|b2|b3|b4
8276,b1|b2|b4
8277,b1|b2
8278,b1|b2|b3|b4
8279,b1|b2|b3|b4
8280,b3
8281,b0|b1|b2|b3|b4
8282,b0|b1|b2|b3|b4
8283,b0|b1|b2|b3|b4
8284,b3|b4
8285,b0|b1|b2|b3|b4
8286,b4
8287,b1|b2|b3|b4
8288,b3|b4
8289,b0|b1|b2|b3|b4
8290,b0|b1|b2|b3|b4
8291,b1
8292,b0|b1|b3
8293,b2|b4
8294,b1|b2|b3|b4
8295,b3|b4
8296,b3|b4
8297,b1|b2
8298,b4
8299,b1|b2|b3|b4
8300,b3
8301,b0|b1|b2|b3|b4
8302,b1|b2|b3|b4
8303,b4
8304,b1|b3|b4
8305,b0
8306,b4
8307,b2
8308,b1|b2
8309,b4
8310,b1|b2|b3
8311,b2
8312,b2
8313,b0|b1|b2|b3|b4
8314,b2|b3|b4
8315,b0
8316,b0|b1|b2|b3|b4
8317,b1|b2
8318,b0|b1|b2|b3|b4
8319,b1|b2|b3|b4
8320,b0|b1|b2|b3
8321,b2|b3
8322,b1|b2|b3|b4
8323,b0|b1|b2|b3|b4
8324,b0|b1|b2|b3|b4
8325,b1|b2|b3|b4
8326,b0|b3|b4
8327,b2|b3
8328,b2|b3|b4
8329,b0|b2
8330,b3|b4
8331,b0|b1|b2|b3|b4
8332,b4
8333,b1|b2|b3|b4
8334,b2|b3
8335,b1
8336,b4
8337,b0
8338,b0|b1|b2|b3|b4
8339,b4
8340,b1|b2|b3|b4
8341,b3
8342,b4
8343,b3
8344,b0|b4
8345,b1|b2|b3|b4
8346,b1|b2|b4
8347,b0|b1|b2
8348,b0
8349,b4
8350,b0|b1|b2|b3|b4
8351,b0|b1|b2|b3|b4
8352,b3
8353,b0|b1|b2|b3|b4
8354,b0|b2|b4
8355,b3|b4
8356,b4
8357,b0|b1|b2|b3|b4
8358,b0|b1|b4
8359,b0
8360,b2|b3|b4
8361,b1|b3
8362,b0|b1|b2|b3|b4
8363,b0|b1|b2|b3|b4
8364,b4
8365,b1|b2|b3|b4
8366,b0|b1|b2|b3|b4
8367,b2|b3|b4
8368,b0|b2|b3|b4
8369,b0|b1|b2|b3|b4
8370,b1|b3
8371,b3
8372,b4
8373,b3
8374,b1|b3|b4
8375,b0|b1|b2|b3|b4
8376,b4
8377,b0|b1|b2|b3|b4
8378,b0|b1|b2|b3|b4
8379,b0|b1|b2|b3|b4
8380,b2|b3|b4
8381,b0|b1|b2|b3|b4
8382,b0|b1|b2|b3|b4
8383,b1|b2|b3|b4
8384,b2|b3|b4
8385,b2
8386,b0|b1|b2|b3|b4
8387,b0|b1|b2|b3|b4
8388,b0|b1|b2|b3
8389,b3|b4
8390,b1|b3
8391,b2|b4
8392,b0|b1|b2|b3|b4
8393,b0|b1|b2|b3|b4
8394,b1|b3|b4
8395,b3
8396,b2
8397,b0|b1|b2|b3|b4
8398,b4
8399,b4
8400,b3|b4
8401,b1
8402,b3|b4
8403,b0|b1|b2|b3|b4
8404,b1|b2|b3|b4
8405,b0|b3
8406,b1|b3
8407,b1|b4
8408,b0|b1|b4
8409,b3|b4
8410,b1|b2|b3|b4
8411,b2|b4
8412,b0|b1|b2|b3|b4
8413,b0|b1|b2|b3|b4
8414,b4
8415,b3|b4
8416,b2|b4
8417,b3|b4
8418,b0|b1|b2|b3|b4
8419,b2|b3|b4
8420,b0|b2|b4
8421,b0|b1|b3|b4
8422,b1|b3|b4
8423,b0|b2|b3
8424,b4
8425,b2|b3|b4
8426,b0|b1|b2|b3|b4
8427,b0|b1|b3
8428,b3
8429,b2|b4
8430,b0|b1|b2|b3|b4
8431,b1
8432,b2
8433,b1|b4
8434,b2|b3|b4
8435,b4
8436,b0|b1|b2|b3|b4
8437,b3|b4
8438,b4
8439,b3
8440,b1|b2|b3|b4
8441,b1|b2|b3|b4
8442,b4
8443,b0|b1|b2|b3|b4
8444,b2|b3|b4
8445,b2
8446,b1|b4
8447,b1|b2|b3|b4
8448,b3
8449,b2|b3
8450,b0|b1|b2
8451,b1|b4
8452,b2|b3|b4
8453,b1|b2|b3|b4
8454,b0|b1|b3
8455,b1|b3|b4
8456,b0|b1|b2|b4
8457,b0
8458,b2|b3|b4
8459,b2
8460,b1
8461,b3|b4
8462,b4
8463,b0|b1
8464,b2|b3
8465,b0|b1|b2|b3|b4
8466,b0|b1|b2|b3|b4
8467,b0|b1|b3|b4
8468,b2|b4
8469,b4
8470,b0|b1|b2|b3|b4
8471,b2|b4
8472,b0|b1|b2|b3|b4
8473,b0|b1
8474,b0|b1
8475,b0|b2|b3|b4
8476,b2|b3|b4
8477,b4
8478,b3
8479,b0|b1|b2|b3|b4
8480,b1|b2|b3|b4
8481,b0|b1|b2|b3|b4
8482,b0|b1|b2|b3|b4
8483,b2|b3|b4
8484,b1|b2|b4
8485,b0
8486,b3|b4
8487,b0
8488,b0|b1|b2|b3|b4
8489,b3|b4
8490,b1
8491,b2
8492,b1|b2|b3|b4
8493,b0|b1|b2|b3|b4
8494,b1|b2|b3|b4
8495,b0|b1|b3
8496,b1|b2|b3|b4
8497,b0|b1|b2|b4
8498,b2|b3|b4
8499,b0|b1|b2|b3|b4
8500,b0|b1|b2|b3|b4
8501,b1|b3|b4
8502,b4
8503,b0|b3
8504,b0|b4
8505,b4
8506,b0|b1|b2|b3|b4
8507,b3|b4
8508,b0|b1|b2|b3|b4
8509,b2
8510,b0|b1|b2|b3|b4
8511,b3
8512,b1|b2|b3|b4
8513,b0|b1|b2|b3|b4
8514,b0|b1|b2|b4
8515,b0|b1|b2
8516,b1|b2|b3|b4
8517,b0|b1|b2|b3|b4
8518,b1|b3|b4
8519,b0|b3|b4
8520,b1|b2|b3|b4
8521,b1|b2
8522,b3|b4
8523,b4
8524,b1|b2|b3|b4
8525,b0|b1|b2|b3|b4
8526,b4
8527,b0|b1|b2|b3|b4
8528,b0|b1|b2|b3|b4
8529,b0|b1|b2
8530,b0|b1|b2|b3|b4
8531,b0|b1|b2
8532,b0|b1|b2|b3|b4
8533,b3|b4
8534,b3|b4
8535,b2|b4
8536,b0
8537,b2|b3
8538,b4
8539,b4
8540,b0|b2
8541,b2|b3|b4
8542,b2|b3|b4
8543,b2|b3|b4
8544,b2|b3|b4
8545,b1|b3|b4
8546,b1|b2|b3|b4
8547,b2|b3|b4
8548,b3|b4
8549,b2|b3|b4
8550,b0|b2|b4
8551,b0|b1|b3|b4
8552,b0|b4
8553,b2|b3
8554,b4
8555,b3|b4
8556,b0
8557,b0|b1|b2|b3
8558,b0|b1|b2|b3|b4
8559,b0|b1|b2|b3|b4
8560,b2|b3|b4
8561,b0|b1|b2|b3|b4
8562,b0|b1|b2|b3|b4
8563,b1
8564,b0|b1|b2|b3|b4
8565,b0|b1
8566,b4
8567,b2
8568,b3|b4
8569,b4
8570,b0|b1|b2|b3|b4
8571,b2|b3|b4
8572,b2|b3|b4
8573,b1|b4
8574,b3
8575,b1
8576,b0|b1|b2|b3|b4
8577,b1|b2|b3|b4
8578,b1|b2|b3|b4
8579,b1|b2|b3|b4
8580,b0|b1|b2|b3|b4
8581,b2|b3|b4
8582,b2|b3|b4
8583,b0|b1|b2|b3|b4
8584,b3
8585,b1|b2|b3|b4
8586,b0|b1|b2|b3|b4
8587,b0|b1|b2|b3|b4
8588,b1|b2|b3|b4
8589,b1|b2|b3|b4
8590,b3|b4
8591,b0|b3|b4
8592,b0|b2
8593,b1|b2|b3
8594,b3
8595,b3
8596,b0|b1|b2|b3|b4
8597,b1|b2|b4
8598,b4
8599,b2|b3
8600,b2|b4
8601,b0|b1|b2|b3|b4
8602,b2|b3|b4
8603,b3|b4
8604,b0|b1|b2|b3|b4
8605,b1|b2
8606,b2|b3
8607,b0|b1|b2|b3|b4
8608,b3
8609,b2
8610,b4
8611,b0|b1|b2|b3|b4
8612,b1|b2|b3|b4
8613,b3|b4
8614,b1|b4
8615,b0|b1|b2|b3|b4
8616,b0
8617,b0|b1|b2|b3|b4
8618,b0|b1|b2|b3|b4
8619,b0|b1|b2|b3|b4
8620,b1|b3|b4
8621,b0|b1|b2|b3|b4
8622,b0|b1|b2
8623,b1|b2|b3|b4
8624,b1|b2|b3|b4
8625,b2|b3|b4
8626,b1|b3|b4
8627,b0|b1|b2|b3|b4
8628,b0|b1|b2|b3|b4
8629,b3
8630,b0
8631,b3|b4
8632,b0|b1|b2|b3|b4
8633,b0|b1|b2|b3
8634,b0|b1|b2|b3|b4
8635,b0|b1|b2|b3|b4
8636,b2|b4
8637,b1|b2|b3|b4
8638,b0|b1
8639,b1|b2|b3|b4
8640,b0|b3|b4
8641,b1|b2|b3|b4
8642,b0|b1
8643,b1|b2|b3|b4
8644,b0|b1|b2|b4
8645,b0
8646,b0
8647,b1|b2|b4
8648,b0|b1|b2|b3|b4
8649,b2|b4
8650,b1|b3|b4
8651,b2|b4
8652,b4
8653,b3|b4
8654,b0|b1|b2
8655,b0|b1|b2|b3
8656,b0|b1|b2|b3|b4
8657,b0|b1|b2|b3
8658,b0|b1|b2|b3|b4
8659,b0|b1|b2|b3|b4
8660,b0|b1|b2|b3|b4
8661,b1|b2|b3|b4
8662,b0|b1|b2|b3|b4
8663,b0|b1|b2|b3|b4
8664,b0|b1|b2|b3|b4
8665,b0|b2|b3|b4
8666,b2|b3|b4
8667,b0|b1
8668,b2|b4
8669,b1|b2|b3|b4
8670,b0
8671,b1|b2|b3
8672,b0|b1|b2|b3|b4
8673,b1|b2|b3|b4
8674,b1|b3|b4
8675,b0|b1|b2|b3|b4
8676,b2
8677,b2|b3|b4
8678,b2|b3
8679,b0|b2|b3|b4
8680,b0|b1|b2|b4
8681,b1|b2|b3|b4
8682,b4
8683,b4
8684,b2|b3|b4
8685,b0
8686,b4
8687,b0|b1|b2|b3|b4
8688,b2
8689,b0|b1|b2|b3|b4
8690,b3|b4
8691,b0|b1|b2|b3|b4
8692,b3|b4
8693,b1|b3|b4
8694,b0
8695,b1|b2|b3|b4
8696,b0|b1|b2
8697,b0|b1|b2|b3|b4
8698,b2
8699,b3|b4
8700,b0|b1|b2|b3|b4
8701,b0|b1|b2|b3|b4
8702,b0|b1|b2|b3|b4
8703,b0|b1|b2|b3|b4
8704,b1|b2|b3|b4
8705,b2
8706,b0|b1|b2|b3|b4
8707,b1|b2
8708,b1|b2
8709,b0|b1|b2|b3|b4
8710,b0|b1|b2|b3
8711,b1|b2|b3|b4
8712,b0|b1
8713,b0|b1|b2|b3|b4
8714,b0|b1|b2|b3|b4
8715,b1|b2|b3|b4
8716,b0|b1|b2|b3|b4
8717,b0|b1|b2|b3|b4
8718,b0|b1|b2|b3|b4
8719,b4
8720,b1|b2|b3|b4
8721,b0|b1|b2|b3|b4
8722,b0|b1|b2|b3|b4
8723,b3
8724,b3|b4
8725,b0|b1
8726,b1|b2
8727,b1|b2|b3|b4
8728,b4
8729,b3
8730,b0|b1|b2|b3|b4
8731,b0
8732,b2|b3|b4
8733,b1
8734,b1|b3
8735,b0|b1|b2|b3|b4
8736,b1|b2|b3|b4
8737,b0|b1|b2|b3
8738,b1|b3|b4
8739,b1|b2|b3|b4
8740,b1|b2
8741,b1|b2|b3|b4
8742,b2|b4
8743,b0|b2
8744,b4
8745,b0|b1|b2|b3|b4
8746,b0
8747,b3|b4
8748,b0
8749,b0|b1|b4
8750,b0|b1|b2|b3|b4
8751,b4
8752,b1|b2|b3|b4
8753,b0
8754,b0|b1|b2|b3|b4
8755,b0|b1|b2|b3|b4
8756,b2|b3
8757,b1|b2|b4
8758,b1|b2|b3|b4
8759,b1|b2|b4
8760,b0|b1|b2|b3|b4
8761,b2|b3|b4
8762,b3
8763,b3|b4
8764,b3|b4
8765,b1|b2|b3|b4
8766,b0|b1|b2|b3
8767,b1|b2|b3|b4
8768,b0|b1|b2|b3|b4
8769,b2
8770,b4
8771,b2
8772,b1|b2|b3|b4
8773,b0|b1|b2|b3|b4
8774,b0|b1
8775,b0|b1|b2|b3|b4
8776,b0|b1|b2|b3|b4
8777,b0|b1|b2|b3|b4
8778,b1|b4
8779,b2|b3|b4
8780,b0|b2|b3
8781,b1|b2|b3|b4
8782,b0|b1|b2|b3|b4
8783,b2|b3|b4
8784,b2
8785,b2|b3
8786,b1|b2|b3|b4
8787,b0|b1|b2|b3|b4
8788,b0|b1|b2|b3|b4
8789,b1|b2|b3
8790,b0|b1|b2|b3|b4
8791,b4
8792,b4
8793,b1
8794,b0|b1|b2|b3
8795,b3|b4
8796,b0|b2|b3
8797,b1|b2|b3
8798,b0|b1|b2|b3|b4
8799,b0|b1|b4
8800,b2|b3|b4
8801,b0|b1
8802,b0|b3|b4
8803,b0|b1|b2|b3|b4
8804,b0|b1|b4
8805,b0|b1
8806,b3
8807,b0|b1|b2|b3|b4
8808,b0|b1|b2|b3|b4
8809,b1|b2|b3|b4
8810,b2
8811,b0|b1|b2|b3
8812,b2|b3|b4
8813,b1|b2|b3|b4
8814,b0|b1|b2|b3|b4
8815,b1|b2|b3
8816,b0|b1|b2|b3|b4
8817,b0|b1|b2
8818,b2|b3|b4
8819,b0|b3|b4
8820,b2|b4
8821,b0|b1|b2|b3|b4
8822,b3|b4
8823,b0|b4
8824,b0|b1|b3|b4
8825,b1|b2
8826,b4
8827,b1|b4
8828,b1|b2|b3|b4
8829,b0
8830,b1|b2|b3|b4
8831,b2|b3
8832,b1|b2|b3
8833,b2|b3|b4
8834,b0|b1|b3
8835,b0|b1|b2|b3|b4
8836,b0|b1|b2|b3|b4
8837,b4
8838,b0|b1|b2|b3|b4
8839,b0|b1|b3
8840,b0|b1
8841,b2|b3|b4
8842,b1|b2
8843,b1|b2|b4
8844,b0
8845,b0|b1|b2|b3|b4
8846,b1|b3|b4
8847,b1|b2|b3|b4
8848,b1|b2
8849,b4
8850,b4
8851,b1|b2|b3|b4
8852,b3
8853,b1|b2|b4
8854,b2|b4
8855,b0|b1|b2|b3|b4
8856,b0|b1|b2|b3|b4
8857,b0|b1|b2|b3|b4
8858,b1|b2|b3|b4
8859,b0|b1|b2|b3|b4
8860,b0|b1|b2|b3|b4
8861,b0|b2|b3
8862,b2
8863,b2|b3
8864,b4
8865,b0|b1|b2|b3
8866,b1|b2|b3
8867,b0|b1|b2|b3|b4
8868,b1|b2|b3|b4
8869,b1|b2|b3|b4
8870,b0|b3
8871,b1
8872,b3
8873,b2
8874,b0|b1|b2|b3|b4
8875,b4
8876,b1|b2|b4
8877,b3
8878,b1|b2|b3
8879,b4
8880,b3
8881,b1|b2|b3|b4
8882,b0|b1|b2|b3|b4
8883,b1|b2|b4
8884,b0|b1|b2|b3|b4
8885,b1|b2|b3|b4
8886,b2|b3|b4
8887,b2|b4
8888,b1|b2|b3|b4
8889,b3|b4
8890,b1|b2|b3|b4
8891,b3|b4
8892,b0|b1|b2|b3|b4
8893,b2
8894,b0|b1|b2|b3
8895,b1|b2|b3|b4
8896,b0|b1|b2
8897,b0|b1|b2|b3|b4
8898,b1|b2|b3|b4
8899,b2|b3|b4
8900,b1|b2|b3|b4
8901,b0
8902,b3|b4
8903,b0|b1|b2|b3|b4
8904,b0|b1|b2|b3|b4
8905,b3|b4
8906,b1|b2|b3
8907,b0|b1|b2|b3|b4
8908,b2
8909,b4
8910,b1|b2|b3|b4
8911,b0|b1|b2|b3|b4
8912,b1|b2
8913,b1
8914,b2|b3|b4
8915,b2|b3|b4
8916,b2
8917,b0
8918,b2|b3|b4
8919,b0|b1|b2|b3|b4
8920,b1|b3
8921,b0|b1|b2|b3|b4
8922,b4
8923,b0|b3|b4
8924,b2|b4
8925,b2|b4
8926,b2|b3|b4
8927,b0|b1|b2|b3|b4
8928,b1|b3|b4
8929,b0|b1|b2
8930,b0|b1|b2|b3|b4
8931,b2
8932,b1|b2|b3|b4
8933,b3|b4
8934,b0|b1
8935,b4
8936,b2|b3|b4
8937,b0|b1|b3
8938,b1|b2|b3|b4
8939,b1|b2|b3
8940,b0
8941,b0|b1|b2|b3|b4
8942,b1|b2|b3|b4
8943,b1|b2
8944,b1|b2|b3|b4
8945,b0
8946,b2
8947,b2|b3|b4
8948,b0|b1|b2|b3|b4
8949,b0|b1|b2|b3|b4
8950,b3|b4
8951,b0|b1|b2|b3|b4
8952,b4
8953,b0|b1|b2|b3|b4
8954,b3
8955,b1|b2
8956,b0|b1|b2|b3|b4
8957,b0|b1|b2|b3
8958,b3|b4
8959,b2|b3|b4
8960,b4
8961,b3|b4
8962,b0|b1|b2
8963,b1|b2|b3|b4
8964,b0|b1|b2|b3|b4
8965,b0|b1|b2|b3|b4
8966,b0|b2|b3
8967,b0|b1|b2|b3|b4
8968,b3
8969,b0|b2|b3|b4
8970,b1|b2|b3
8971,b2|b3
8972,b3|b4
8973,b0|b3|b4
8974,b0|b2|b3|b4
8975,b0|b3|b4
8976,b0|b1|b2
8977,b4
8978,b2|b3|b4
8979,b0|b1|b2|b3|b4
8980,b0|b1|b2|b3|b4
8981,b1|b3|b4
8982,b0|b1|b2|b3|b4
8983,b2|b3
8984,b3|b4
8985,b0|b1|b2|b3|b4
8986,b2|b4
8987,b1|b2|b3|b4
8988,b2
8989,b1|b2|b3|b4
8990,b0|b1|b2|b3|b4
8991,b0|b1|b2|b3|b4
8992,b0
8993,b0|b3
8994,b1|b2|b3|b4
8995,b0|b1|b2|b3|b4
8996,b0|b1|b2|b3|b4
8997,b0|b1|b2
8998,b0|b1|b2|b3|b4
8999,b0|b3|b4
9000,b1|b2|b3|b4
9001,b1|b2|b3|b4
9002,b1
9003,b1|b3|b4
9004,b1|b2|b4
9005,b3|b4
9006,b4
9007,b1|b2|b4
9008,b1|b4
9009,b1|b2
9010,b0|b1|b2|b3|b4
9011,b2|b3
9012,b0|b1|b2|b3|b4
9013,b0|b1|b4
9014,b2
9015,b1|b2|b3|b4
9016,b0|b1|b2|b3|b4
9017,b1|b2|b3|b4
9018,b0|b1|b2|b3|b4
9019,b0|b1|b2|b3|b4
9020,b0|b1|b3
9021,b2|b3
9022,b2|b3|b4
9023,b3
9024,b3|b4
9025,b3|b4
9026,b3|b4
9027,b0|b1|b2|b3|b4
9028,b0|b1|b2|b3|b4
9029,b1|b2|b3|b4
9030,b1
9031,b3
9032,b2|b3|b4
9033,b0|b1|b2|b3|b4
9034,b1|b2
9035,b2
9036,b0|b2|b3|b4
9037,b0
9038,b1|b2|b3|b4
9039,b0|b1|b2|b3|b4
9040,b2|b3|b4
9041,b0|b1|b2|b3|b4
9042,b4
9043,b0|b1|b2
9044,b1|b2|b4
9045,b0|b1|b2|b3|b4
9046,b1|b2|b3|b4
9047,b0|b1|b2|b3|b4
9048,b0|b1|b2|b3|b4
9049,b2|b3|b4
9050,b2|b3
9051,b0|b1|b2|b3|b4
9052,b1|b2|b3|b4
9053,b1|b3|b4
9054,b3|b4
9055,b1|b3|b4
9056,b1|b2|b3|b4
9057,b4
9058,b2|b3|b4
9059,b0|b1|b2|b3|b4
9060,b0|b1|b2|b4
9061,b3|b4
9062,b0|b1|b3|b4
9063,b0|b1|b4
9064,b1|b2|b3|b4
9065,b1|b4
9066,b1|b3|b4
9067,b1|b2|b3|b4
9068,b1|b4
9069,b0
9070,b1|b2|b4
9071,b4
9072,b1
9073,b2|b3|b4
9074,b2|b3|b4
9075,b2|b3|b4
9076,b0|b1|b2|b3|b4
9077,b0|b1|b2|b3|b4
9078,b3|b4
9079,b1|b2|b3|b4
9080,b1|b3|b4
9081,b1|b2|b3|b4
9082,b4
9083,b2|b3
9084,b1|b2|b3|b4
9085,b4
9086,b2|b3|b4
9087,b3
9088,b4
9089,b2|b3|b4
9090,b2|b3|b4
9091,b0|b1|b2|b3|b4
9092,b1|b2|b3|b4
9093,b1|b2
9094,b3|b4
9095,b0|b1|b2|b3|b4
9096,b1|b2|b3
9097,b0|b1|b2|b3|b4
9098,b2|b3|b4
9099,b0|b1|b2|b3|b4
9100,b0|b1|b2|b3|b4
9101,b3
9102,b2|b3|b4
9103,b4
9104,b2|b4
9105,b3
9106,b1
9107,b2
9108,b0|b1|b2|b3|b4
9109,b0|b1
9110,b0|b1|b2|b3|b4
9111,b2|b3|b4
9112,b2|b3
9113,b0|b1|b2|b3
9114,b0|b2|b3
9115,b0|b2|b3|b4
9116,b1|b3|b4
9117,b4
9118,b0|b1|b2|b3|b4
9119,b1|b3
9120,b0|b3|b4
9121,b2|b3|b4
9122,b1|b2|b3|b4
9123,b2|b3|b4
9124,b0|b3|b4
9125,b4
9126,b0|b1|b2|b3|b4
9127,b0|b1|b2|b3|b4
9128,b4
9129,b0|b1|b2|b3|b4
9130,b4
9131,b0|b1|b2|b3|b4
9132,b2|b3|b4
9133,b0|b1|b2|b3|b4
9134,b0|b1|b2|b3|b4
9135,b0|b1|b3
9136,b0
9137,b3
9138,b0|b1|b2|b3|b4
9139,b0|b1|b2|b3|b4
9140,b0|b1|b2|b3|b4
9141,b3|b4
9142,b3|b4
9143,b0|b1|b2|b3
9144,b0|b1|b2|b3|b4
9145,b1|b2|b3|b4
9146,b0|b1|b2|b3|b4
9147,b4
9148,b4
9149,b1|b4
9150,b4
9151,b2
9152,b0|b1|b2|b3|b4
9153,b1|b3|b4
9154,b2|b3
9155,b3|b4
9156,b1|b2|b3|b4
9157,b3|b4
9158,b0|b1|b2|b3|b4
9159,b1|b2|b3|b4
9160,b0|b1|b2|b3|b4
9161,b0|b2|b3
9162,b1|b2|b3
9163,b0|b1|b2|b3|b4
9164,b1|b4
9165,b3
9166,b2|b4
9167,b2|b3|b4
9168,b4
9169,b0|b1|b2|b3|b4
9170,b2|b3|b4
9171,b0|b1|b2|b3|b4
9172,b0|b1|b2|b3|b4
9173,b0|b2|b3
9174,b0|b1|b2|b3|b4
9175,b0|b1|b2|b3|b4
9176,b1|b2|b4
9177,b0|b1|b2|b3|b4
9178,b4
9179,b0|b1|b2|b3|b4
9180,b1|b3|b4
9181,b3|b4
9182,b3
9183,b0|b1|b2|b3|b4
9184,b1|b2|b3|b4
9185,b1|b3|b4
9186,b0|b1|b2|b3|b4
9187,b0|b4
9188,b1|b2|b3|b4
9189,b0|b1|b2|b3|b4
9190,b2|b3
9191,b2|b3|b4
9192,b0|b1|b2|b3|b4
9193,b0|b1|b2|b3|b4
9194,b0|b1|b2|b3|b4
9195,b0|b1|b2|b3|b4
9196,b0|b2|b3|b4
9197,b0|b1|b2
9198,b0|b1|b2|b3|b4
9199,b1|b2|b4
9200,b1|b2|b3|b4
9201,b0|b1|b2|b3|b4
9202,b1|b2
9203,b2|b3|b4
9204,b4
9205,b0|b3
9206,b0|b1|b2|b3|b4
9207,b0|b1|b3
9208,b3|b4
9209,b0|b1|b2|b3|b4
9210,b2
9211,b0|b1|b2|b3|b4
9212,b2|b3|b4
9213,b1|b2|b3|b4
9214,b0|b1|b2|b3|b4
9215,b4
9216,b3|b4
9217,b2|b3|b4
9218,b2|b3
9219,b0|b1|b2|b3|b4
9220,b1|b3|b4
9221,b3
9222,b3
9223,b0|b1|b2|b3|b4
9224,b0|b1|b2|b3|b4
9225,b0
9226,b0|b1|b2|b3|b4
9227,b1|b2|b3|b4
9228,b3|b4
9229,b1
9230,b0|b1|b2|b3|b4
9231,b1|b2|b3|b4
9232,b0|b1|b2|b3|b4
9233,b0|b1|b2|b3|b4
9234,b0|b1|b2|b3|b4
9235,b0|b1|b2|b3|b4
9236,b0
9237,b4
9238,b0|b1
9239,b1|b3|b4
9240,b0|b1|b2|b3|b4
9241,b0|b1|b2|b3|b4
9242,b4
9243,b1|b2|b3|b4
9244,b1|b2|b3|b4
9245,b0|b1|b2|b3|b4
9246,b1|b2|b3|b4
9247,b0|b1|b2|b3|b4
9248,b3
9249,b0|b1|b2|b3|b4
9250,b2
9251,b0|b1|b2|b3|b4
9252,b0|b1|b2|b3|b4
9253,b1|b2|b3|b4
9254,b1|b2|b4
9255,b1|b2|b3|b4
9256,b1|b2|b4
9257,b0|b1|b2|b3|b4
9258,b4
9259,b0|b2|b4
9260,b1|b2|b3|b4
9261,b0|b1|b2|b4
9262,b0|b1|b2|b3|b4
9263,b0|b1
9264,b2|b3|b4
9265,b4
9266,b1|b2|b3|b4
9267,b0|b1
9268,b0|b1|b2|b3|b4
9269,b2|b3
9270,b0
9271,b0|b1|b2|b3|b4
9272,b2|b3
9273,b2|b4
9274,b0|b1|b2|b3|b4
9275,b0|b1|b2|b3|b4
9276,b3|b4
9277,b0|b1|b2|b3|b4
9278,b1|b2|b3
9279,b0|b1|b2|b3|b4
9280,b0|b1|b2|b4
9281,b0
9282,b0|b3|b4
9283,b0|b1|b2|b3|b4
9284,b4
9285,b2|b3|b4
9286,b4
9287,b0|b1|b2|b3
9288,b1|b4
9289,b1|b2|b3|b4
9290,b1|b2|b3|b4
9291,b2|b3|b4
9292,b3
9293,b3|b4
9294,b2|b3
9295,b0|b1|b2|b3|b4
9296,b2|b3
9297,b0|b1|b2|b3|b4
9298,b3
9299,b2|b4
9300,b2
9301,b2|b3|b4
9302,b3|b4
9303,b2|b3|b4
9304,b0|b1|b2|b3|b4
9305,b2|b3|b4
9306,b4
9307,b3
9308,b1|b2|b3
9309,b0|b1|b2|b3|b4
9310,b0|b1|b3
9311,b1|b2|b3|b4
9312,b0|b1|b2|b3|b4
9313,b1|b2|b3|b4
9314,b1|b2|b3
9315,b1|b3|b4
9316,b0|b1|b2|b3|b4
9317,b2
9318,b2
9319,b1|b2|b3|b4
9320,b2|b3|b4
9321,b0|b1|b2|b3|b4
9322,b3|b4
9323,b0|b1|b3|b4
9324,b0|b1|b2|b3
9325,b2|b4
9326,b3|b4
9327,b0|b1|b2|b3|b4
9328,b2|b3|b4
9329,b1|b2|b3|b4
9330,b1|b3|b4
9331,b1|b2
9332,b0|b1|b2|b3|b4
9333,b0|b2|b3
9334,b0|b1|b2|b3|b4
9335,b1|b2|b3|b4
9336,b2|b3|b4
9337,b0|b1|b4
9338,b2|b3|b4
9339,b1|b2|b3|b4
9340,b1|b2|b3|b4
9341,b2|b4
9342,b1|b2|b3|b4
9343,b2|b3|b4
9344,b2|b3|b4
9345,b0|b1|b2|b3|b4
9346,b4
9347,b4
9348,b0|b1|b2|b3|b4
9349,b0|b1|b2|b3|b4
9350,b0|b1|b2|b3|b4
9351,b0
9352,b0|b1|b2|b3|b4
9353,b0|b4
9354,b1|b2|b3|b4
9355,b1|b3|b4
9356,b1
9357,b0|b1|b2|b3|b4
9358,b0|b3
9359,b1|b2|b3|b4
9360,b0|b1|b2|b3|b4
9361,b1|b2|b3|b4
9362,b2|b4
9363,b0|b1|b2|b3|b4
9364,b0
9365,b1|b3|b4
9366,b0|b1|b2|b3
9367,b0|b4
9368,b3|b4
9369,b1
9370,b0|b1|b2|b3|b4
9371,b0|b1|b2|b3|b4
9372,b1|b2|b3|b4
9373,b0|b1|b2|b3|b4
9374,b0|b1|b2
9375,b0|b1|b2|b3|b4
9376,b0|b1|b2|b3
9377,b0|b3|b4
9378,b0|b1|b4
9379,b1|b2|b3
9380,b1|b2|b3|b4
9381,b2|b4
9382,b1|b2|b4
9383,b4
9384,b1|b2|b3|b4
9385,b2|b3|b4
9386,b2|b3
9387,b0|b1|b2|b3|b4
9388,b1|b3|b4
9389,b0
9390,b0
9391,b1|b2|b3|b4
9392,b1|b3|b4
9393,b0|b1|b2|b3|b4
9394,b2|b3|b4
9395,b0|b1|b2|b3|b4
9396,b1
9397,b1|b2|b3|b4
9398,b2
9399,b1|b2|b3|b4
9400,b0|b2|b3
9401,b1|b2|b3|b4
9402,b0|b1|b2|b3|b4
9403,b3|b4
9404,b1|b2|b3|b4
9405,b1|b2|b3|b4
9406,b4
9407,b1|b2|b3|b4
9408,b0|b1|b2|b3|b4
9409,b1|b2|b3|b4
9410,b4
9411,b4
9412,b4
9413,b1|b2|b3|b4
9414,b2
9415,b0
9416,b0|b3|b4
9417,b2
9418,b3|b4
9419,b0|b1|b2|b3|b4
9420,b4
9421,b3|b4
9422,b3
9423,b0|b1|b2|b3|b4
9424,b0|b1|b2|b3|b4
9425,b1|b2|b4
9426,b2|b3|b4
9427,b0|b1|b2
9428,b4
9429,b3|b4
9430,b1|b2|b3|b4
9431,b3|b4
9432,b4
9433,b4
9434,b1|b3
9435,b0
9436,b2
9437,b0
9438,b4
9439,b0
9440,b1|b4
9441,b4
9442,b1|b2|b3|b4
9443,b0|b2|b3|b4
9444,b0|b2|b4
9445,b2|b4
9446,b3|b4
9447,b0|b2|b3|b4
9448,b1|b2|b4
9449,b4
9450,b4
9451,b1
9452,b1|b2|b4
9453,b2
9454,b1|b2|b3|b4
9455,b0|b2|b3
9456,b0|b3|b4
9457,b1|b4
9458,b0|b1|b2|b3|b4
9459,b4
9460,b0|b1|b2|b3|b4
9461,b1|b2|b4
9462,b3|b4
9463,b0|b3|b4
9464,b2|b3|b4
9465,b1
9466,b1|b2|b3|b4
9467,b3|b4
9468,b0|b2|b3|b4
9469,b0|b1|b2
9470,b4
9471,b1|b2|b3|b4
9472,b0|b1|b2|b3|b4
9473,b0|b1|b2|b3|b4
9474,b1|b3
9475,b3|b4
9476,b4
9477,b0|b2
9478,b3|b4
9479,b0|b1|b2|b3|b4
9480,b0|b1|b2|b3|b4
9481,b1|b2
9482,b2|b3|b4
9483,b0|b4
9484,b0|b1|b2|b3|b4
9485,b1
9486,b1|b2
9487,b1
9488,b1|b2
9489,b2
9490,b0|b1|b2|b3|b4
9491,b0|b1|b2|b3|b4
9492,b0|b1|b2|b3|b4
9493,b2|b3|b4
9494,b0|b1|b2|b3|b4
9495,b0|b1|b2|b3|b4
9496,b2|b3
9497,b0|b1|b2|b3|b4
9498,b3|b4
9499,b3|b4
9500,b0|b1|b2|b3|b4
9501,b0|b2|b3
9502,b0|b1|b2|b3|b4
9503,b4
9504,b1|b2|b4
9505,b3|b4
9506,b1
9507,b3|b4
9508,b3|b4
9509,b2|b4
9510,b3|b4
9511,b0|b1|b2|b3|b4
9512,b0|b1|b2|b3|b4
9513,b0|b1|b2|b3|b4
9514,b0|b1|b2|b3|b4
9515,b2|b3|b4
9516,b0|b1|b2|b3
9517,b2
9518,b1|b2|b3|b4
9519,b0|b1|b2|b3|b4
9520,b0
9521,b1|b2|b3|b4
9522,b0|b1|b2|b3|b4
9523,b1|b2
9524,b0|b1|b3|b4
9525,b3
9526,b2
9527,b0|b1|b2|b3|b4
9528,b3|b4
9529,b1|b3|b4
9530,b3
9531,b4
9532,b0|b1|b2|b3|b4
9533,b0|b1|b2|b3|b4
9534,b1|b2|b3
9535,b0|b1|b2|b3|b4
9536,b0|b1|b2|b3|b4
9537,b0|b1|b2|b3|b4
9538,b4
9539,b0|b1|b2|b4
9540,b0|b1|b2|b3|b4
9541,b0|b1|b2|b3|b4
9542,b2|b3|b4
9543,b0|b1|b2|b3|b4
9544,b2|b3|b4
9545,b4
9546,b2|b3
9547,b0|b1|b2|b3|b4
9548,b1|b2|b3|b4
9549,b1|b2|b3
9550,b3|b4
9551,b0|b1
9552,b2
9553,b1|b4
9554,b2|b3|b4
9555,b3|b4
9556,b1|b2|b3|b4
9557,b4
9558,b2|b3|b4
9559,b0|b1|b2|b3|b4
9560,b1|b2|b3|b4
9561,b2|b3|b4
9562,b1|b2|b3|b4
9563,b0|b2|b3
9564,b3
9565,b1|b3|b4
9566,b4
9567,b0|b1|b2|b3|b4
9568,b0|b1|b2|b3
9569,b1|b2|b3
9570,b3
9571,b4
9572,b0|b1|b2
9573,b3
9574,b0|b1|b2|b3|b4
9575,b1|b2|b3|b4
9576,b2|b3|b4
9577,b0|b1|b2
9578,b4
9579,b2|b4
9580,b0|b1|b2|b3|b4
9581,b4
9582,b0|b1|b2|b3|b4
9583,b1|b2|b3|b4
9584,b2|b4
9585,b0|b1|b2|b3|b4
9586,b1|b4
9587,b4
9588,b2|b4
9589,b1|b2|b3|b4
9590,b0|b1|b2|b3|b4
9591,b0|b1|b3
9592,b1|b2|b3|b4
9593,b0|b1|b3|b4
9594,b3
9595,b1|b2|b3
9596,b2|b3|b4
9597,b2|b3|b4
9598,b2|b3|b4
9599,b0|b1|b2|b3|b4
9600,b2
9601,b0|b1|b3|b4
9602,b2|b3|b4
9603,b1|b2|b3|b4
9604,b0|b1|b2|b3|b4
9605,b0|b1|b3
9606,b1|b2|b3|b4
9607,b0|b1|b2|b3|b4
9608,b1
9609,b1|b2|b3|b4
9610,b4
9611,b1|b3|b4
9612,b0|b1|b2|b3|b4
9613,b1|b2|b3|b4
9614,b1|b2|b3|b4
9615,b0|b1|b2|b3|b4
9616,b2|b3|b4
9617,b4
9618,b3
9619,b1|b2|b3|b4
9620,b1|b2|b3
9621,b0|b1|b2|b3|b4
9622,b3
9623,b4
9624,b1|b2|b3|b4
9625,b0|b1|b2|b3|b4
9626,b0|b1|b2|b3|b4
9627,b1|b2
9628,b2|b3|b4
9629,b2|b4
9630,b2|b3|b4
9631,b0|b2|b3|b4
9632,b0|b1|b2|b3|b4
9633,b1|b3
9634,b0|b1|b2|b3
9635,b4
9636,b3|b4
9637,b3|b4
9638,b0|b1|b2|b3|b4
9639,b1|b2|b4
9640,b3|b4
9641,b0|b1|b2|b3|b4
9642,b1|b4
9643,b0|b1|b2|b3|b4
9644,b0|b1|b2|b3|b4
9645,b3|b4
9646,b0|b1|b2|b3|b4
9647,b0|b1|b2|b3|b4
9648,b0
9649,b0|b1|b2
9650,b2
9651,b2
9652,b0|b1
9653,b0|b1|b2|b3|b4
9654,b0|b1|b2|b3|b4
9655,b0|b1
9656,b0|b1|b2|b3|b4
9657,b0|b1|b2|b3|b4
9658,b0
9659,b1|b2
9660,b0|b1|b4
9661,b2|b3|b4
9662,b0|b1|b2|b3|b4
9663,b1|b2|b3
9664,b2
9665,b1|b3|b4
9666,b0|b1|b2|b3|b4
9667,b1|b4
9668,b3|b4
9669,b0|b1|b2|b3|b4
9670,b1|b2|b3|b4
9671,b1|b2|b4
9672,b0|b1|b2|b3|b4
9673,b1|b2|b3|b4
9674,b4
9675,b2|b3|b4
9676,b2|b3|b4
9677,b1|b3|b4
9678,b0|b1|b2|b3|b4
9679,b1|b2|b3
9680,b1
9681,b1|b2|b3|b4
9682,b0|b1|b2|b3|b4
9683,b0|b4
9684,b0|b1|b2|b3|b4
9685,b2|b3
9686,b0|b1|b2|b3|b4
9687,b0
9688,b1|b2|b3|b4
9689,b2|b4
9690,b0|b1|b2|b3|b4
9691,b1|b2|b3|b4
9692,b1|b4
9693,b4
9694,b1|b2|b3|b4
9695,b3|b4
9696,b0|b1|b2|b3|b4
9697,b0|b1|b2|b3|b4
9698,b4
9699,b3|b4
9700,b0|b1|b2|b3|b4
9701,b0|b1|b2|b3|b4
9702,b3|b4
9703,b0|b1|b2
9704,b1|b2|b3|b4
9705,b0|b1|b2|b3|b4
9706,b0|b1|b2|b3|b4
9707,b3
9708,b0|b1|b2
9709,b1|b2|b3|b4
9710,b1|b3
9711,b3|b4
9712,b1|b2|b3|b4
9713,b2|b3
9714,b1|b2|b4
9715,b1|b2|b3|b4
9716,b2|b4
9717,b4
9718,b4
9719,b2|b3|b4
9720,b0|b2|b3
9721,b0|b2|b3|b4
9722,b2|b3|b4
9723,b0|b4
9724,b1|b3
9725,b4
9726,b4
9727,b1|b2|b3|b4
9728,b1|b2|b3|b4
9729,b1|b4
9730,b1|b2|b3|b4
9731,b1|b3|b4
9732,b0|b4
9733,b2
9734,b4
9735,b4
9736,b0|b2|b3|b4
9737,b1|b2|b3|b4
9738,b1|b2|b3
9739,b0|b2|b3|b4
9740,b1|b2|b4
9741,b0|b1|b2|b3|b4
9742,b1
9743,b4
9744,b3
9745,b1|b2|b3|b4
9746,b0|b1|b2|b3|b4
9747,b0|b2|b3|b4
9748,b0|b1|b2|b3
9749,b1|b2|b4
9750,b0|b1|b2|b3|b4
9751,b0|b2|b3|b4
9752,b2|b3
9753,b1|b2|b3|b4
9754,b3
9755,b2|b3|b4
9756,b0|b1|b2|b3|b4
9757,b2|b3|b4
9758,b1
9759,b1|b2|b3|b4
9760,b1|b2|b4
9761,b2|b3|b4
9762,b0|b1|b2|b3
9763,b4
9764,b0|b1|b2|b3|b4
9765,b1|b2|b4
9766,b1|b2|b3|b4
9767,b0|b1|b2|b3|b4
9768,b4
9769,b2|b4
9770,b2|b3|b4
9771,b0|b1|b2
9772,b2|b4
9773,b1|b2|b3|b4
9774,b2|b3|b4
9775,b0|b1|b2
9776,b0|b1|b2|b3|b4
9777,b4
9778,b2|b3|b4
9779,b4
9780,b2
9781,b0|b1|b2|b3|b4
9782,b0|b1|b2|b3|b4
9783,b2|b3|b4
9784,b0|b1|b2|b3|b4
9785,b1|b2|b3|b4
9786,b0|b1|b2|b3|b4
9787,b0|b1|b2|b3|b4
9788,b2|b3|b4
9789,b1|b2|b3
9790,b1|b2|b3|b4
9791,b1|b2
9792,b1|b2|b3|b4
9793,b2|b3
9794,b1|b2|b3|b4
9795,b3
9796,b0|b1|b2|b3|b4
9797,b3
9798,b3
9799,b1|b2|b3|b4
9800,b1|b2|b3|b4
9801,b0|b1|b2|b3|b4
9802,b3|b4
9803,b1|b2|b3|b4
9804,b1|b2|b3|b4
9805,b4
9806,b0|b1|b2|b3|b4
9807,b1|b4
9808,b2|b3|b4
9809,b0|b1|b2|b3|b4
9810,b0|b1|b2|b3|b4
9811,b0|b1|b3
9812,b1|b2|b3|b4
9813,b0|b1|b2|b3|b4
9814,b4
9815,b0|b1|b2|b3|b4
9816,b2|b3|b4
9817,b4
9818,b4
9819,b0|b1|b2|b3|b4
9820,b1|b2|b3|b4
9821,b1
9822,b1|b4
9823,b1|b2|b3|b4
9824,b2|b3
9825,b0|b1|b2|b3
9826,b1|b2|b3
9827,b0|b1|b2|b3|b4
9828,b2|b3|b4
9829,b0|b1|b2|b3|b4
9830,b1|b2|b4
9831,b0|b2|b3
9832,b0|b1|b2|b3|b4
9833,b0|b1|b2|b3|b4
9834,b2|b3|b4
9835,b0|b2|b3|b4
9836,b1|b3|b4
9837,b3
9838,b1|b2|b3|b4
9839,b4
9840,b1
9841,b1|b2|b3|b4
9842,b2|b3
9843,b1|b2|b3|b4
9844,b2|b3
9845,b4
9846,b1|b2|b3|b4
9847,b0|b4
9848,b0|b1|b2|b3|b4
9849,b1|b2|b3|b4
9850,b4
9851,b1|b3
9852,b0|b4
9853,b0|b1|b2|b3|b4
9854,b1|b3|b4
9855,b3|b4
9856,b0|b1|b2|b3|b4
9857,b1|b2
9858,b3|b4
9859,b0|b1|b2|b3|b4
9860,b1|b2|b3
9861,b2|b3|b4
9862,b0
9863,b0|b1|b2|b3|b4
9864,b3|b4
9865,b0|b1|b2|b3
9866,b1|b2|b3|b4
9867,b2|b3|b4
9868,b0|b1|b2|b3|b4
9869,b0|b1|b2
9870,b2|b3|b4
9871,b1|b2
9872,b0|b1|b2|b3|b4
9873,b0|b1
9874,b1|b3
9875,b0|b1|b2|b3|b4
9876,b3
9877,b2|b3|b4
9878,b3|b4
9879,b1|b3|b4
9880,b1|b2|b3|b4
9881,b3
9882,b3|b4
9883,b1|b2|b3
9884,b1|b4
9885,b2|b3|b4
9886,b1|b3|b4
9887,b0|b1|b2|b3|b4
9888,b1|b2|b3|b4
9889,b1|b4
9890,b2|b3|b4
9891,b0|b1|b2|b3|b4
9892,b0|b1|b2|b3|b4
9893,b0|b1|b2|b3|b4
9894,b2
9895,b2|b4
9896,b1|b2|b3|b4
9897,b0|b1|b2|b4
9898,b3|b4
9899,b2|b3|b4
9900,b1|b2|b3
9901,b2
9902,b0|b1|b2|b3|b4
9903,b0|b1|b2|b4
9904,b1|b2|b3|b4
9905,b0|b1|b2|b3|b4
9906,b1|b2|b3|b4
9907,b4
9908,b0|b1|b2|b3|b4
9909,b2|b3|b4
9910,b3
9911,b2|b4
9912,b0|b1|b2|b3|b4
9913,b1|b2|b3|b4
9914,b1|b3|b4
9915,b1
9916,b0|b1|b2|b3
9917,b0|b1|b2|b3|b4
9918,b2|b3|b4
9919,b3
9920,b2|b3|b4
9921,b2|b3|b4
9922,b3|b4
9923,b1|b2|b3
9924,b1|b2|b3|b4
9925,b3|b4
9926,b0|b1|b2|b4
9927,b3
9928,b0|b4
9929,b0|b1|b2|b3
9930,b3
9931,b0|b1|b2
9932,b1|b2|b3
9933,b4
9934,b4
9935,b4
9936,b0|b1
9937,b2|b3
9938,b0|b1|b2|b3|b4
9939,b3|b4
9940,b1|b4
9941,b4
9942,b0
9943,b0
9944,b1|b2|b3
9945,b2|b4
9946,b2
9947,b2|b4
9948,b1|b2|b3|b4
9949,b1|b2|b3|b4
9950,b3|b4
9951,b0|b1|b2|b3|b4
9952,b3
9953,b0|b1|b2|b3|b4
9954,b2|b3|b4
9955,b0|b1|b2|b3|b4
9956,b2|b3|b4
9957,b1|b3|b4
9958,b3
9959,b0|b1|b2|b3|b4
9960,b3|b4
9961,b0|b1|b2|b3|b4
9962,b1|b2|b3
9963,b1|b2|b3|b4
9964,b2
9965,b0|b3
9966,b0|b1|b2|b3|b4
9967,b1
9968,b2|b3|b4
9969,b2|b3|b4
9970,b2
9971,b0|b1|b2|b3|b4
9972,b0
9973,b0|b1|b2|b4
9974,b0|b1|b2
9975,b2
9976,b0|b1
9977,b3
9978,b3
9979,b1|b2|b3|b4
9980,b1|b3|b4
9981,b0|b1|b2|b3|b4
9982,b4
9983,b1|b2|b3|b4
9984,b2
9985,b1
9986,b0|b1|b2|b3|b4
9987,b0|b1|b2|b3|b4
9988,b0|b1|b2|b3|b4
9989,b1|b2|b3|b4
9990,b0|b1|b2|b3|b4
9991,b0|b1|b2|b3|b4
9992,b4
9993,b1|b4
9994,b0|b4
9995,b0
9996,b0|b1|b2|b3|b4
9997,b0|b1|b2|b3|b4
9998,b1|b3|b4
9999,b0|b1|b2|b3|b4
10000,b1|b2|b3|b4
